GAME_ID,EVENTNUM,EVENTMSGTYPE,EVENTMSGACTIONTYPE,PERIOD,WCTIMESTRING,PCTIMESTRING,HOMEDESCRIPTION,NEUTRALDESCRIPTION,VISITORDESCRIPTION,SCORE,SCOREMARGIN,PERSON1TYPE,PLAYER1_ID,PLAYER1_NAME,PLAYER1_TEAM_ID,PLAYER1_TEAM_CITY,PLAYER1_TEAM_NICKNAME,PLAYER1_TEAM_ABBREVIATION,PERSON2TYPE,PLAYER2_ID,PLAYER2_NAME,PLAYER2_TEAM_ID,PLAYER2_TEAM_CITY,PLAYER2_TEAM_NICKNAME,PLAYER2_TEAM_ABBREVIATION,PERSON3TYPE,PLAYER3_ID,PLAYER3_NAME,PLAYER3_TEAM_ID,PLAYER3_TEAM_CITY,PLAYER3_TEAM_NICKNAME,PLAYER3_TEAM_ABBREVIATION,VIDEO_AVAILABLE_FLAG
0021300650,2,12,0,1,8:42 PM,12:00,,,,,,0,0,,,,,,0,0,,,,,,0,0,,,,,,0
0021300650,3,10,0,1,8:42 PM,12:00,Jump Ball Sanders vs. Millsap: Tip to Ilyasova,,,,,4,202336,Larry Sanders,1610612749.0,Milwaukee,Bucks,MIL,5,200794,Paul Millsap,1610612737.0,Atlanta,Hawks,ATL,4,101141,Ersan Ilyasova,1610612749.0,Milwaukee,Bucks,MIL,0
0021300650,4,2,1,1,8:42 PM,11:38,MISS Ilyasova 15' Jump Shot,,,,,4,101141,Ersan Ilyasova,1610612749.0,Milwaukee,Bucks,MIL,0,0,,,,,,0,0,,,,,,0
0021300650,5,4,0,1,8:42 PM,11:36,,,Mack REBOUND (Off:0 Def:1),,,5,202714,Shelvin Mack,1610612737.0,Atlanta,Hawks,ATL,0,0,,,,,,0,0,,,,,,0
0021300650,6,2,1,1,8:42 PM,11:24,,,MISS Korver 14' Jump Shot,,,5,2594,Kyle Korver,1610612737.0,Atlanta,Hawks,ATL,0,0,,,,,,0,0,,,,,,0
0021300650,7,4,0,1,8:42 PM,11:23,Ilyasova REBOUND (Off:0 Def:1),,,,,4,101141,Ersan Ilyasova,1610612749.0,Milwaukee,Bucks,MIL,0,0,,,,,,0,0,,,,,,0
0021300650,8,5,4,1,8:43 PM,11:11,Antetokounmpo Traveling Turnover (P1.T1),,,,,4,203507,Giannis Antetokounmpo,1610612749.0,Milwaukee,Bucks,MIL,0,0,,,,,,1,0,,,,,,0
0021300650,9,2,1,1,8:43 PM,10:57,,,MISS Millsap 3' Jump Shot,,,5,200794,Paul Millsap,1610612737.0,Atlanta,Hawks,ATL,0,0,,,,,,0,0,,,,,,0
0021300650,10,4,0,1,8:43 PM,10:55,,,Millsap REBOUND (Off:1 Def:0),,,5,200794,Paul Millsap,1610612737.0,Atlanta,Hawks,ATL,0,0,,,,,,0,0,,,,,,0
0021300650,11,2,1,1,8:43 PM,10:52,,,MISS Korver 25' 3PT Jump Shot,,,5,2594,Kyle Korver,1610612737.0,Atlanta,Hawks,ATL,0,0,,,,,,0,0,,,,,,0
0021300650,12,4,0,1,8:43 PM,10:51,Ilyasova REBOUND (Off:0 Def:2),,,,,4,101141,Ersan Ilyasova,1610612749.0,Milwaukee,Bucks,MIL,0,0,,,,,,0,0,,,,,,0
0021300650,13,1,1,1,8:43 PM,10:41,Knight 25' 3PT Jump Shot (3 PTS) (Ridnour 1 AST),,,0 - 3,3,4,202688,Brandon Knight,1610612749.0,Milwaukee,Bucks,MIL,4,2557,Luke Ridnour,1610612749.0,Milwaukee,Bucks,MIL,0,0,,,,,,0
0021300650,14,1,5,1,8:44 PM,10:22,,,Ayon 1' Layup (2 PTS),2 - 3,1,5,202970,Gustavo Ayon,1610612737.0,Atlanta,Hawks,ATL,0,0,,,,,,0,0,,,,,,0
0021300650,15,1,42,1,8:44 PM,10:12,Knight 1' Driving Layup (5 PTS),,,2 - 5,3,4,202688,Brandon Knight,1610612749.0,Milwaukee,Bucks,MIL,0,0,,,,,,0,0,,,,,,0
0021300650,16,2,5,1,8:44 PM,10:02,,,MISS Ayon  Layup,,,5,202970,Gustavo Ayon,1610612737.0,Atlanta,Hawks,ATL,0,0,,,,,,0,0,,,,,,0
0021300650,17,4,0,1,8:44 PM,10:00,Ilyasova REBOUND (Off:0 Def:3),,,,,4,101141,Ersan Ilyasova,1610612749.0,Milwaukee,Bucks,MIL,0,0,,,,,,0,0,,,,,,0
0021300650,18,5,1,1,8:44 PM,9:54,Ridnour Bad Pass Turnover (P1.T2),,Ayon STEAL (1 STL),,,4,2557,Luke Ridnour,1610612749.0,Milwaukee,Bucks,MIL,5,202970,Gustavo Ayon,1610612737.0,Atlanta,Hawks,ATL,0,0,,,,,,0
0021300650,19,1,5,1,8:44 PM,9:49,,,Mack 1' Layup (2 PTS) (Carroll 1 AST),4 - 5,1,5,202714,Shelvin Mack,1610612737.0,Atlanta,Hawks,ATL,5,201960,DeMarre Carroll,1610612737.0,Atlanta,Hawks,ATL,0,0,,,,,,0
0021300650,20,6,27,1,8:44 PM,9:34,,,Ayon Personal Block Foul (P1.T1),,,5,202970,Gustavo Ayon,1610612737.0,Atlanta,Hawks,ATL,4,202688,Brandon Knight,1610612749.0,Milwaukee,Bucks,MIL,1,0,,,,,,0
0021300650,21,2,1,1,8:45 PM,9:25,MISS Ilyasova 25' 3PT Jump Shot,,,,,4,101141,Ersan Ilyasova,1610612749.0,Milwaukee,Bucks,MIL,0,0,,,,,,0,0,,,,,,0
0021300650,22,4,0,1,8:45 PM,9:24,,,Carroll REBOUND (Off:0 Def:1),,,5,201960,DeMarre Carroll,1610612737.0,Atlanta,Hawks,ATL,0,0,,,,,,0,0,,,,,,0
0021300650,24,1,44,1,8:45 PM,9:12,,,Millsap 1' Reverse Layup (2 PTS) (Carroll 2 AST),6 - 5,-1,5,200794,Paul Millsap,1610612737.0,Atlanta,Hawks,ATL,5,201960,DeMarre Carroll,1610612737.0,Atlanta,Hawks,ATL,0,0,,,,,,0
0021300650,25,2,3,1,8:45 PM,8:52,MISS Sanders 5' Hook Shot,,,,,4,202336,Larry Sanders,1610612749.0,Milwaukee,Bucks,MIL,0,0,,,,,,0,0,,,,,,0
0021300650,26,4,0,1,8:45 PM,8:51,,,Millsap REBOUND (Off:1 Def:1),,,5,200794,Paul Millsap,1610612737.0,Atlanta,Hawks,ATL,0,0,,,,,,0,0,,,,,,0
0021300650,27,2,1,1,8:46 PM,8:38,,,MISS Millsap 4' Jump Shot,,,5,200794,Paul Millsap,1610612737.0,Atlanta,Hawks,ATL,0,0,,,,,,0,0,,,,,,0
0021300650,28,4,0,1,8:46 PM,8:36,,,Millsap REBOUND (Off:2 Def:1),,,5,200794,Paul Millsap,1610612737.0,Atlanta,Hawks,ATL,0,0,,,,,,0,0,,,,,,0
0021300650,29,2,1,1,8:46 PM,8:30,,,MISS Millsap  3PT Jump Shot,,,5,200794,Paul Millsap,1610612737.0,Atlanta,Hawks,ATL,0,0,,,,,,0,0,,,,,,0
0021300650,30,4,0,1,8:46 PM,8:29,Sanders REBOUND (Off:0 Def:1),,,,,4,202336,Larry Sanders,1610612749.0,Milwaukee,Bucks,MIL,0,0,,,,,,0,0,,,,,,0
0021300650,31,1,5,1,8:46 PM,8:24,Ilyasova 1' Layup (2 PTS) (Ridnour 2 AST),,,6 - 7,1,4,101141,Ersan Ilyasova,1610612749.0,Milwaukee,Bucks,MIL,4,2557,Luke Ridnour,1610612749.0,Milwaukee,Bucks,MIL,0,0,,,,,,0
0021300650,32,6,2,1,8:46 PM,8:10,Ilyasova S.FOUL (P1.T1),,,,,4,101141,Ersan Ilyasova,1610612749.0,Milwaukee,Bucks,MIL,5,200794,Paul Millsap,1610612737.0,Atlanta,Hawks,ATL,1,0,,,,,,0
0021300650,33,3,11,1,8:46 PM,8:10,,,MISS Millsap Free Throw 1 of 2,,,5,200794,Paul Millsap,1610612737.0,Atlanta,Hawks,ATL,0,0,,,,,,0,0,,,,,,0
0021300650,34,4,1,1,8:46 PM,8:10,,,Hawks Rebound,,,3,1610612737,,,,,,0,0,,,,,,0,0,,,,,,0
0021300650,35,3,12,1,8:47 PM,8:10,,,Millsap Free Throw 2 of 2 (3 PTS),7 - 7,TIE,5,200794,Paul Millsap,1610612737.0,Atlanta,Hawks,ATL,0,0,,,,,,0,0,,,,,,0
0021300650,37,1,63,1,8:47 PM,7:58,Antetokounmpo 7' Fadeaway Jumper (2 PTS),,,7 - 9,2,4,203507,Giannis Antetokounmpo,1610612749.0,Milwaukee,Bucks,MIL,0,0,,,,,,0,0,,,,,,0
0021300650,38,6,1,1,8:47 PM,7:46,Ridnour P.FOUL (P1.T2),,,,,4,2557,Luke Ridnour,1610612749.0,Milwaukee,Bucks,MIL,5,2594,Kyle Korver,1610612737.0,Atlanta,Hawks,ATL,1,0,,,,,,0
0021300650,39,7,5,1,8:48 PM,7:39,Sanders Violation:Kicked Ball,,,,,4,202336,Larry Sanders,1610612749.0,Milwaukee,Bucks,MIL,0,0,,,,,,1,0,,,,,,0
0021300650,40,2,1,1,8:48 PM,7:34,,,MISS Korver 18' Jump Shot,,,5,2594,Kyle Korver,1610612737.0,Atlanta,Hawks,ATL,0,0,,,,,,0,0,,,,,,0
0021300650,41,4,0,1,8:48 PM,7:33,BUCKS Rebound,,,,,2,1610612749,,,,,,0,0,,,,,,0,0,,,,,,0
0021300650,42,1,1,1,8:48 PM,7:20,Ilyasova 17' Jump Shot (4 PTS) (Knight 1 AST),,,7 - 11,4,4,101141,Ersan Ilyasova,1610612749.0,Milwaukee,Bucks,MIL,4,202688,Brandon Knight,1610612749.0,Milwaukee,Bucks,MIL,0,0,,,,,,0
0021300650,43,6,1,1,8:49 PM,7:08,Antetokounmpo P.FOUL (P1.T3),,,,,4,203507,Giannis Antetokounmpo,1610612749.0,Milwaukee,Bucks,MIL,5,202714,Shelvin Mack,1610612737.0,Atlanta,Hawks,ATL,1,0,,,,,,0
0021300650,44,2,1,1,8:49 PM,7:00,,,MISS Millsap 4' Jump Shot,,,5,200794,Paul Millsap,1610612737.0,Atlanta,Hawks,ATL,0,0,,,,,,0,0,,,,,,0
0021300650,45,4,0,1,8:49 PM,6:58,Ilyasova REBOUND (Off:0 Def:4),,,,,4,101141,Ersan Ilyasova,1610612749.0,Milwaukee,Bucks,MIL,0,0,,,,,,0,0,,,,,,0
0021300650,46,5,2,1,8:49 PM,6:53,Knight Lost Ball Turnover (P1.T3),,Ayon STEAL (2 STL),,,4,202688,Brandon Knight,1610612749.0,Milwaukee,Bucks,MIL,5,202970,Gustavo Ayon,1610612737.0,Atlanta,Hawks,ATL,0,0,,,,,,0
0021300650,47,1,1,1,8:49 PM,6:47,,,Korver 26' 3PT Jump Shot (3 PTS) (Millsap 1 AST),10 - 11,1,5,2594,Kyle Korver,1610612737.0,Atlanta,Hawks,ATL,5,200794,Paul Millsap,1610612737.0,Atlanta,Hawks,ATL,0,0,,,,,,0
0021300650,48,6,4,1,8:50 PM,6:36,Antetokounmpo OFF.Foul (P2),,,,,4,203507,Giannis Antetokounmpo,1610612749.0,Milwaukee,Bucks,MIL,5,201960,DeMarre Carroll,1610612737.0,Atlanta,Hawks,ATL,1,0,,,,,,0
0021300650,49,5,5,1,8:50 PM,6:36,Antetokounmpo Foul Turnover (P2.T4),,,,,4,203507,Giannis Antetokounmpo,1610612749.0,Milwaukee,Bucks,MIL,0,0,,,,,,1,0,,,,,,0
0021300650,50,8,0,1,8:50 PM,6:36,SUB: Middleton FOR Antetokounmpo,,,,,4,203507,Giannis Antetokounmpo,1610612749.0,Milwaukee,Bucks,MIL,4,203114,Khris Middleton,1610612749.0,Milwaukee,Bucks,MIL,0,0,,,,,,0
0021300650,51,2,1,1,8:50 PM,6:22,,,MISS Mack 15' Jump Shot,,,5,202714,Shelvin Mack,1610612737.0,Atlanta,Hawks,ATL,0,0,,,,,,0,0,,,,,,0
0021300650,52,4,0,1,8:50 PM,6:22,BUCKS Rebound,,,,,2,1610612749,,,,,,0,0,,,,,,0,0,,,,,,0
0021300650,53,1,1,1,8:51 PM,6:10,Knight 24' 3PT Jump Shot (8 PTS) (Ilyasova 1 AST),,,10 - 14,4,4,202688,Brandon Knight,1610612749.0,Milwaukee,Bucks,MIL,4,101141,Ersan Ilyasova,1610612749.0,Milwaukee,Bucks,MIL,0,0,,,,,,0
0021300650,54,6,1,1,8:51 PM,5:53,Middleton P.FOUL (P1.T4),,,,,4,203114,Khris Middleton,1610612749.0,Milwaukee,Bucks,MIL,5,200794,Paul Millsap,1610612737.0,Atlanta,Hawks,ATL,1,0,,,,,,0
0021300650,55,9,1,1,8:51 PM,5:53,BUCKS Timeout: Regular (Full 1 Short 0),,,,,2,1610612749,,,,,,0,0,,,,,,0,0,,,,,,0
0021300650,57,8,0,1,8:53 PM,5:53,,,SUB: Williams FOR Mack,,,5,202714,Shelvin Mack,1610612737.0,Atlanta,Hawks,ATL,5,101150,Lou Williams,1610612737.0,Atlanta,Hawks,ATL,0,0,,,,,,0
0021300650,58,8,0,1,8:53 PM,5:53,,,SUB: Brand FOR Ayon,,,5,202970,Gustavo Ayon,1610612737.0,Atlanta,Hawks,ATL,5,1882,Elton Brand,1610612737.0,Atlanta,Hawks,ATL,0,0,,,,,,0
0021300650,59,6,2,1,8:54 PM,5:41,Ridnour S.FOUL (P2.PN),,,,,4,2557,Luke Ridnour,1610612749.0,Milwaukee,Bucks,MIL,5,101150,Lou Williams,1610612737.0,Atlanta,Hawks,ATL,1,0,,,,,,0
0021300650,60,3,11,1,8:54 PM,5:41,,,MISS Williams Free Throw 1 of 2,,,5,101150,Lou Williams,1610612737.0,Atlanta,Hawks,ATL,0,0,,,,,,0,0,,,,,,0
0021300650,61,4,1,1,8:54 PM,5:41,,,Hawks Rebound,,,3,1610612737,,,,,,0,0,,,,,,0,0,,,,,,0
0021300650,62,8,0,1,8:54 PM,5:41,SUB: Mayo FOR Ridnour,,,,,4,2557,Luke Ridnour,1610612749.0,Milwaukee,Bucks,MIL,4,201564,O.J. Mayo,1610612749.0,Milwaukee,Bucks,MIL,0,0,,,,,,0
0021300650,63,3,12,1,8:54 PM,5:41,,,Williams Free Throw 2 of 2 (1 PTS),11 - 14,3,5,101150,Lou Williams,1610612737.0,Atlanta,Hawks,ATL,0,0,,,,,,0,0,,,,,,0
0021300650,65,2,5,1,8:55 PM,5:20,MISS Sanders 1' Layup,,,,,4,202336,Larry Sanders,1610612749.0,Milwaukee,Bucks,MIL,0,0,,,,,,0,0,,,,,,0
0021300650,66,4,0,1,8:55 PM,5:18,,,Millsap REBOUND (Off:2 Def:2),,,5,200794,Paul Millsap,1610612737.0,Atlanta,Hawks,ATL,0,0,,,,,,0,0,,,,,,0
0021300650,67,1,1,1,8:55 PM,4:57,,,Brand 19' Jump Shot (2 PTS) (Carroll 3 AST),13 - 14,1,5,1882,Elton Brand,1610612737.0,Atlanta,Hawks,ATL,5,201960,DeMarre Carroll,1610612737.0,Atlanta,Hawks,ATL,0,0,,,,,,0
0021300650,68,2,1,1,8:55 PM,4:49,MISS Ilyasova 24' 3PT Jump Shot,,,,,4,101141,Ersan Ilyasova,1610612749.0,Milwaukee,Bucks,MIL,0,0,,,,,,0,0,,,,,,0
0021300650,69,4,0,1,8:55 PM,4:47,,,Brand REBOUND (Off:0 Def:1),,,5,1882,Elton Brand,1610612737.0,Atlanta,Hawks,ATL,0,0,,,,,,0,0,,,,,,0
0021300650,70,2,1,1,8:56 PM,4:37,,,MISS Carroll 11' Jump Shot,,,5,201960,DeMarre Carroll,1610612737.0,Atlanta,Hawks,ATL,0,0,,,,,,0,0,,,,,,0
0021300650,71,4,0,1,8:56 PM,4:36,Ilyasova REBOUND (Off:0 Def:5),,,,,4,101141,Ersan Ilyasova,1610612749.0,Milwaukee,Bucks,MIL,0,0,,,,,,0,0,,,,,,0
0021300650,72,2,1,1,8:56 PM,4:19,MISS Middleton 26' 3PT Jump Shot,,,,,4,203114,Khris Middleton,1610612749.0,Milwaukee,Bucks,MIL,0,0,,,,,,0,0,,,,,,0
0021300650,73,4,0,1,8:56 PM,4:17,Ilyasova REBOUND (Off:1 Def:5),,,,,4,101141,Ersan Ilyasova,1610612749.0,Milwaukee,Bucks,MIL,0,0,,,,,,0,0,,,,,,0
0021300650,74,5,1,1,8:56 PM,4:14,Middleton Bad Pass Turnover (P1.T5),,,,,4,203114,Khris Middleton,1610612749.0,Milwaukee,Bucks,MIL,0,0,,,,,,0,0,,,,,,0
0021300650,75,8,0,1,8:56 PM,4:14,SUB: Henson FOR Sanders,,,,,4,202336,Larry Sanders,1610612749.0,Milwaukee,Bucks,MIL,4,203089,John Henson,1610612749.0,Milwaukee,Bucks,MIL,0,0,,,,,,0
0021300650,76,5,4,1,8:57 PM,3:58,,,Millsap Traveling Turnover (P1.T1),,,5,200794,Paul Millsap,1610612737.0,Atlanta,Hawks,ATL,0,0,,,,,,1,0,,,,,,0
0021300650,77,1,3,1,8:57 PM,3:38,Henson 5' Hook Shot (2 PTS) (Knight 2 AST),,,13 - 16,3,4,203089,John Henson,1610612749.0,Milwaukee,Bucks,MIL,4,202688,Brandon Knight,1610612749.0,Milwaukee,Bucks,MIL,0,0,,,,,,0
0021300650,78,1,1,1,8:57 PM,3:25,,,Brand 15' Jump Shot (4 PTS) (Korver 1 AST),15 - 16,1,5,1882,Elton Brand,1610612737.0,Atlanta,Hawks,ATL,5,2594,Kyle Korver,1610612737.0,Atlanta,Hawks,ATL,0,0,,,,,,0
0021300650,79,2,1,1,8:57 PM,3:11,MISS Mayo 26' 3PT Jump Shot,,,,,4,201564,O.J. Mayo,1610612749.0,Milwaukee,Bucks,MIL,0,0,,,,,,0,0,,,,,,0
0021300650,80,4,0,1,8:58 PM,3:10,,,Millsap REBOUND (Off:2 Def:3),,,5,200794,Paul Millsap,1610612737.0,Atlanta,Hawks,ATL,0,0,,,,,,0,0,,,,,,0
0021300650,81,1,1,1,8:58 PM,3:05,,,Carroll 25' 3PT Jump Shot (3 PTS) (Millsap 2 AST),18 - 16,-2,5,201960,DeMarre Carroll,1610612737.0,Atlanta,Hawks,ATL,5,200794,Paul Millsap,1610612737.0,Atlanta,Hawks,ATL,0,0,,,,,,0
0021300650,82,5,1,1,8:58 PM,2:53,Mayo Bad Pass Turnover (P1.T6),,Brand STEAL (1 STL),,,4,201564,O.J. Mayo,1610612749.0,Milwaukee,Bucks,MIL,5,1882,Elton Brand,1610612737.0,Atlanta,Hawks,ATL,0,0,,,,,,0
0021300650,83,1,1,1,8:58 PM,2:48,,,Korver  3PT Jump Shot (6 PTS) (Brand 1 AST),21 - 16,-5,5,2594,Kyle Korver,1610612737.0,Atlanta,Hawks,ATL,5,1882,Elton Brand,1610612737.0,Atlanta,Hawks,ATL,0,0,,,,,,0
0021300650,84,6,2,1,8:58 PM,2:48,Mayo S.FOUL (P1.PN),,,,,4,201564,O.J. Mayo,1610612749.0,Milwaukee,Bucks,MIL,5,2594,Kyle Korver,1610612737.0,Atlanta,Hawks,ATL,1,0,,,,,,0
0021300650,85,9,1,1,8:59 PM,2:48,,,Hawks Timeout: Regular (Reg.1 Short 0),,,3,1610612737,,,,,,0,0,,,,,,0,0,,,,,,0
0021300650,87,8,0,1,9:00 PM,2:48,,,SUB: Scott FOR Carroll,,,5,201960,DeMarre Carroll,1610612737.0,Atlanta,Hawks,ATL,5,203118,Mike Scott,1610612737.0,Atlanta,Hawks,ATL,0,0,,,,,,0
0021300650,88,8,0,1,9:00 PM,2:48,SUB: Butler FOR Ilyasova,,,,,4,101141,Ersan Ilyasova,1610612749.0,Milwaukee,Bucks,MIL,4,2406,Caron Butler,1610612749.0,Milwaukee,Bucks,MIL,0,0,,,,,,0
0021300650,89,3,10,1,9:00 PM,2:48,,,Korver Free Throw 1 of 1 (7 PTS),22 - 16,-6,5,2594,Kyle Korver,1610612737.0,Atlanta,Hawks,ATL,0,0,,,,,,0,0,,,,,,0
0021300650,91,1,3,1,9:01 PM,2:35,Henson 3' Hook Shot (4 PTS) (Knight 3 AST),,,22 - 18,-4,4,203089,John Henson,1610612749.0,Milwaukee,Bucks,MIL,4,202688,Brandon Knight,1610612749.0,Milwaukee,Bucks,MIL,0,0,,,,,,0
0021300650,92,2,80,1,9:01 PM,2:24,,,MISS Brand 6' Step Back Jump Shot,,,5,1882,Elton Brand,1610612737.0,Atlanta,Hawks,ATL,0,0,,,,,,0,0,,,,,,0
0021300650,93,4,0,1,9:01 PM,2:23,Henson REBOUND (Off:0 Def:1),,,,,4,203089,John Henson,1610612749.0,Milwaukee,Bucks,MIL,0,0,,,,,,0,0,,,,,,0
0021300650,94,6,2,1,9:01 PM,2:12,,,Millsap S.FOUL (P1.T2),,,5,200794,Paul Millsap,1610612737.0,Atlanta,Hawks,ATL,4,203089,John Henson,1610612749.0,Milwaukee,Bucks,MIL,1,0,,,,,,0
0021300650,95,3,11,1,9:02 PM,2:12,MISS Henson Free Throw 1 of 2,,,,,4,203089,John Henson,1610612749.0,Milwaukee,Bucks,MIL,0,0,,,,,,0,0,,,,,,0
0021300650,96,4,1,1,9:02 PM,2:12,BUCKS Rebound,,,,,2,1610612749,,,,,,0,0,,,,,,0,0,,,,,,0
0021300650,97,8,0,1,9:02 PM,2:12,,,SUB: Schroder FOR Korver,,,5,2594,Kyle Korver,1610612737.0,Atlanta,Hawks,ATL,5,203471,Dennis Schröder,1610612737.0,Atlanta,Hawks,ATL,0,0,,,,,,0
0021300650,98,3,12,1,9:02 PM,2:12,MISS Henson Free Throw 2 of 2,,,,,4,203089,John Henson,1610612749.0,Milwaukee,Bucks,MIL,0,0,,,,,,0,0,,,,,,0
0021300650,100,4,0,1,9:02 PM,2:11,,,Millsap REBOUND (Off:2 Def:4),,,5,200794,Paul Millsap,1610612737.0,Atlanta,Hawks,ATL,0,0,,,,,,0,0,,,,,,0
0021300650,101,1,1,1,9:02 PM,1:53,,,Williams 25' 3PT Jump Shot (4 PTS),25 - 18,-7,5,101150,Lou Williams,1610612737.0,Atlanta,Hawks,ATL,0,0,,,,,,0,0,,,,,,0
0021300650,102,1,52,1,9:02 PM,1:41,Henson 1' Alley Oop Dunk (6 PTS) (Knight 4 AST),,,25 - 20,-5,4,203089,John Henson,1610612749.0,Milwaukee,Bucks,MIL,4,202688,Brandon Knight,1610612749.0,Milwaukee,Bucks,MIL,0,0,,,,,,0
0021300650,103,2,5,1,9:03 PM,1:23,Henson BLOCK (1 BLK),,MISS Brand 1' Layup,,,5,1882,Elton Brand,1610612737.0,Atlanta,Hawks,ATL,0,0,,,,,,4,203089,John Henson,1610612749.0,Milwaukee,Bucks,MIL,0
0021300650,104,4,0,1,9:03 PM,1:22,Henson REBOUND (Off:0 Def:2),,,,,4,203089,John Henson,1610612749.0,Milwaukee,Bucks,MIL,0,0,,,,,,0,0,,,,,,0
0021300650,105,1,1,1,9:03 PM,1:11,Butler 18' Jump Shot (2 PTS) (Mayo 1 AST),,,25 - 22,-3,4,2406,Caron Butler,1610612749.0,Milwaukee,Bucks,MIL,4,201564,O.J. Mayo,1610612749.0,Milwaukee,Bucks,MIL,0,0,,,,,,0
0021300650,106,1,5,1,9:03 PM,0:55,,,Schroder 1' Layup (2 PTS),27 - 22,-5,5,203471,Dennis Schröder,1610612737.0,Atlanta,Hawks,ATL,0,0,,,,,,0,0,,,,,,0
0021300650,107,6,13,1,9:04 PM,0:55,Henson HANGING.TECH.FOUL (P0.PN),,,,,4,203089,John Henson,1610612749.0,Milwaukee,Bucks,MIL,0,0,,,,,,1,0,,,,,,0
0021300650,108,8,0,1,9:04 PM,0:55,,,SUB: Mack FOR Schroder,,,5,203471,Dennis Schröder,1610612737.0,Atlanta,Hawks,ATL,5,202714,Shelvin Mack,1610612737.0,Atlanta,Hawks,ATL,0,0,,,,,,0
0021300650,109,3,16,1,9:04 PM,0:55,,,Williams Free Throw Technical (5 PTS),28 - 22,-6,5,101150,Lou Williams,1610612737.0,Atlanta,Hawks,ATL,0,0,,,,,,0,0,,,,,,0
0021300650,111,6,2,1,9:05 PM,0:44,,,Scott S.FOUL (P1.T3),,,5,203118,Mike Scott,1610612737.0,Atlanta,Hawks,ATL,4,203114,Khris Middleton,1610612749.0,Milwaukee,Bucks,MIL,1,0,,,,,,0
0021300650,112,3,11,1,9:05 PM,0:44,Middleton Free Throw 1 of 2 (1 PTS),,,28 - 23,-5,4,203114,Khris Middleton,1610612749.0,Milwaukee,Bucks,MIL,0,0,,,,,,0,0,,,,,,0
0021300650,114,3,12,1,9:05 PM,0:44,MISS Middleton Free Throw 2 of 2,,,,,4,203114,Khris Middleton,1610612749.0,Milwaukee,Bucks,MIL,0,0,,,,,,0,0,,,,,,0
0021300650,116,4,0,1,9:05 PM,0:42,,,Brand REBOUND (Off:0 Def:2),,,5,1882,Elton Brand,1610612737.0,Atlanta,Hawks,ATL,0,0,,,,,,0,0,,,,,,0
0021300650,118,1,1,1,9:05 PM,0:35,,,Williams 25' 3PT Jump Shot (8 PTS),31 - 23,-8,5,101150,Lou Williams,1610612737.0,Atlanta,Hawks,ATL,0,0,,,,,,0,0,,,,,,0
0021300650,119,1,1,1,9:06 PM,0:15,Knight 5' Jump Shot (10 PTS),,,31 - 25,-6,4,202688,Brandon Knight,1610612749.0,Milwaukee,Bucks,MIL,0,0,,,,,,0,0,,,,,,0
0021300650,120,2,1,1,9:06 PM,0:00,,,MISS Scott 25' 3PT Jump Shot,,,5,203118,Mike Scott,1610612737.0,Atlanta,Hawks,ATL,0,0,,,,,,0,0,,,,,,0
0021300650,121,4,0,1,9:06 PM,0:00,,,Hawks Rebound,,,3,1610612737,,,,,,0,0,,,,,,0,0,,,,,,0
0021300650,122,13,0,1,9:06 PM,0:00,,,,31 - 25,-6,0,0,,,,,,0,0,,,,,,0,0,,,,,,0
0021300650,124,12,0,2,9:09 PM,12:00,,,,31 - 25,-6,0,0,,,,,,0,0,,,,,,0,0,,,,,,0
0021300650,125,1,5,2,9:09 PM,11:42,,,Brand 1' Layup (6 PTS) (Williams 1 AST),33 - 25,-8,5,1882,Elton Brand,1610612737.0,Atlanta,Hawks,ATL,5,101150,Lou Williams,1610612737.0,Atlanta,Hawks,ATL,0,0,,,,,,0
0021300650,126,6,4,2,9:10 PM,11:22,Henson OFF.Foul (P1),,,,,4,203089,John Henson,1610612749.0,Milwaukee,Bucks,MIL,5,201960,DeMarre Carroll,1610612737.0,Atlanta,Hawks,ATL,1,0,,,,,,0
0021300650,127,5,5,2,9:10 PM,11:22,Henson Foul Turnover (P1.T7),,,,,4,203089,John Henson,1610612749.0,Milwaukee,Bucks,MIL,0,0,,,,,,1,0,,,,,,0
0021300650,128,1,1,2,9:10 PM,11:01,,,Scott 27' 3PT Jump Shot (3 PTS) (Williams 2 AST),36 - 25,-11,5,203118,Mike Scott,1610612737.0,Atlanta,Hawks,ATL,5,101150,Lou Williams,1610612737.0,Atlanta,Hawks,ATL,0,0,,,,,,0
0021300650,129,2,1,2,9:10 PM,10:43,MISS Butler 16' Jump Shot,,,,,4,2406,Caron Butler,1610612749.0,Milwaukee,Bucks,MIL,0,0,,,,,,0,0,,,,,,0
0021300650,130,4,0,2,9:10 PM,10:42,,,Brand REBOUND (Off:0 Def:3),,,5,1882,Elton Brand,1610612737.0,Atlanta,Hawks,ATL,0,0,,,,,,0,0,,,,,,0
0021300650,131,2,5,2,9:11 PM,10:34,,,MISS Williams 1' Layup,,,5,101150,Lou Williams,1610612737.0,Atlanta,Hawks,ATL,0,0,,,,,,0,0,,,,,,0
0021300650,132,4,0,2,9:11 PM,10:32,Henson REBOUND (Off:0 Def:3),,,,,4,203089,John Henson,1610612749.0,Milwaukee,Bucks,MIL,0,0,,,,,,0,0,,,,,,0
0021300650,133,5,1,2,9:11 PM,10:25,Ridnour Bad Pass Turnover (P2.T8),,,,,4,2557,Luke Ridnour,1610612749.0,Milwaukee,Bucks,MIL,0,0,,,,,,0,0,,,,,,0
0021300650,134,2,3,2,9:11 PM,10:04,,,MISS Mack 5' Hook Shot,,,5,202714,Shelvin Mack,1610612737.0,Atlanta,Hawks,ATL,0,0,,,,,,0,0,,,,,,0
0021300650,135,4,0,2,9:11 PM,10:04,BUCKS Rebound,,,,,2,1610612749,,,,,,0,0,,,,,,0,0,,,,,,0
0021300650,136,2,1,2,9:12 PM,9:41,MISS Ridnour 27' 3PT Jump Shot,,,,,4,2557,Luke Ridnour,1610612749.0,Milwaukee,Bucks,MIL,0,0,,,,,,0,0,,,,,,0
0021300650,137,4,0,2,9:12 PM,9:39,Henson REBOUND (Off:1 Def:3),,,,,4,203089,John Henson,1610612749.0,Milwaukee,Bucks,MIL,0,0,,,,,,0,0,,,,,,0
0021300650,138,1,1,2,9:12 PM,9:35,Middleton 19' Jump Shot (3 PTS) (Henson 1 AST),,,36 - 27,-9,4,203114,Khris Middleton,1610612749.0,Milwaukee,Bucks,MIL,4,203089,John Henson,1610612749.0,Milwaukee,Bucks,MIL,0,0,,,,,,0
0021300650,139,1,1,2,9:12 PM,9:16,,,Brand 4' Jump Shot (8 PTS),38 - 27,-11,5,1882,Elton Brand,1610612737.0,Atlanta,Hawks,ATL,0,0,,,,,,0,0,,,,,,0
0021300650,140,6,1,2,9:13 PM,8:53,,,Brand P.FOUL (P1.T1),,,5,1882,Elton Brand,1610612737.0,Atlanta,Hawks,ATL,4,203089,John Henson,1610612749.0,Milwaukee,Bucks,MIL,1,0,,,,,,0
0021300650,141,9,4,2,9:13 PM,8:53,,,,,,1,0,,,,,,0,0,,,,,,0,0,,,,,,0
0021300650,143,8,0,2,9:15 PM,8:53,,,SUB: Ayon FOR Brand,,,5,1882,Elton Brand,1610612737.0,Atlanta,Hawks,ATL,5,202970,Gustavo Ayon,1610612737.0,Atlanta,Hawks,ATL,0,0,,,,,,0
0021300650,144,2,3,2,9:15 PM,8:40,MISS Henson 7' Hook Shot,,,,,4,203089,John Henson,1610612749.0,Milwaukee,Bucks,MIL,0,0,,,,,,0,0,,,,,,0
0021300650,145,4,0,2,9:15 PM,8:38,,,Carroll REBOUND (Off:0 Def:2),,,5,201960,DeMarre Carroll,1610612737.0,Atlanta,Hawks,ATL,0,0,,,,,,0,0,,,,,,0
0021300650,146,2,3,2,9:15 PM,8:28,,,MISS Scott 8' Hook Shot,,,5,203118,Mike Scott,1610612737.0,Atlanta,Hawks,ATL,0,0,,,,,,0,0,,,,,,0
0021300650,147,4,0,2,9:15 PM,8:26,Butler REBOUND (Off:0 Def:1),,,,,4,2406,Caron Butler,1610612749.0,Milwaukee,Bucks,MIL,0,0,,,,,,0,0,,,,,,0
0021300650,148,1,66,2,9:16 PM,8:12,Ridnour 21' Jump Bank Shot (2 PTS),,,38 - 29,-9,4,2557,Luke Ridnour,1610612749.0,Milwaukee,Bucks,MIL,0,0,,,,,,0,0,,,,,,0
0021300650,149,6,4,2,9:16 PM,7:55,,,Carroll OFF.Foul (P1),,,5,201960,DeMarre Carroll,1610612737.0,Atlanta,Hawks,ATL,4,201564,O.J. Mayo,1610612749.0,Milwaukee,Bucks,MIL,1,0,,,,,,0
0021300650,150,5,5,2,9:16 PM,7:55,,,Carroll Foul Turnover (P1.T2),,,5,201960,DeMarre Carroll,1610612737.0,Atlanta,Hawks,ATL,0,0,,,,,,1,0,,,,,,0
0021300650,151,8,0,2,9:16 PM,7:55,SUB: Antetokounmpo FOR Mayo,,,,,4,201564,O.J. Mayo,1610612749.0,Milwaukee,Bucks,MIL,4,203507,Giannis Antetokounmpo,1610612749.0,Milwaukee,Bucks,MIL,0,0,,,,,,0
0021300650,152,8,0,2,9:16 PM,7:55,SUB: Ilyasova FOR Henson,,,,,4,203089,John Henson,1610612749.0,Milwaukee,Bucks,MIL,4,101141,Ersan Ilyasova,1610612749.0,Milwaukee,Bucks,MIL,0,0,,,,,,0
0021300650,153,8,0,2,9:16 PM,7:55,SUB: Sanders FOR Butler,,,,,4,2406,Caron Butler,1610612749.0,Milwaukee,Bucks,MIL,4,202336,Larry Sanders,1610612749.0,Milwaukee,Bucks,MIL,0,0,,,,,,0
0021300650,154,1,1,2,9:17 PM,7:37,Middleton 12' Jump Shot (5 PTS),,,38 - 31,-7,4,203114,Khris Middleton,1610612749.0,Milwaukee,Bucks,MIL,0,0,,,,,,0,0,,,,,,0
0021300650,155,1,1,2,9:17 PM,7:21,,,Carroll 25' 3PT Jump Shot (6 PTS) (Mack 1 AST),41 - 31,-10,5,201960,DeMarre Carroll,1610612737.0,Atlanta,Hawks,ATL,5,202714,Shelvin Mack,1610612737.0,Atlanta,Hawks,ATL,0,0,,,,,,0
0021300650,156,1,1,2,9:17 PM,7:11,Middleton 13' Jump Shot (7 PTS) (Ridnour 3 AST),,,41 - 33,-8,4,203114,Khris Middleton,1610612749.0,Milwaukee,Bucks,MIL,4,2557,Luke Ridnour,1610612749.0,Milwaukee,Bucks,MIL,0,0,,,,,,0
0021300650,157,6,1,2,9:17 PM,6:57,Sanders P.FOUL (P1.T1),,,,,4,202336,Larry Sanders,1610612749.0,Milwaukee,Bucks,MIL,5,201960,DeMarre Carroll,1610612737.0,Atlanta,Hawks,ATL,1,0,,,,,,0
0021300650,158,8,0,2,9:18 PM,6:57,,,SUB: Korver FOR Williams,,,5,101150,Lou Williams,1610612737.0,Atlanta,Hawks,ATL,5,2594,Kyle Korver,1610612737.0,Atlanta,Hawks,ATL,0,0,,,,,,0
0021300650,159,8,0,2,9:18 PM,6:57,SUB: Knight FOR Ridnour,,,,,4,2557,Luke Ridnour,1610612749.0,Milwaukee,Bucks,MIL,4,202688,Brandon Knight,1610612749.0,Milwaukee,Bucks,MIL,0,0,,,,,,0
0021300650,160,1,5,2,9:18 PM,6:50,,,Ayon 1' Layup (4 PTS) (Mack 2 AST),43 - 33,-10,5,202970,Gustavo Ayon,1610612737.0,Atlanta,Hawks,ATL,5,202714,Shelvin Mack,1610612737.0,Atlanta,Hawks,ATL,0,0,,,,,,0
0021300650,161,5,1,2,9:18 PM,6:37,Antetokounmpo Bad Pass Turnover (P3.T9),,Korver STEAL (1 STL),,,4,203507,Giannis Antetokounmpo,1610612749.0,Milwaukee,Bucks,MIL,5,2594,Kyle Korver,1610612737.0,Atlanta,Hawks,ATL,0,0,,,,,,0
0021300650,162,1,5,2,9:18 PM,6:32,,,Mack 1' Layup (4 PTS),45 - 33,-12,5,202714,Shelvin Mack,1610612737.0,Atlanta,Hawks,ATL,0,0,,,,,,0,0,,,,,,0
0021300650,163,2,1,2,9:19 PM,6:07,MISS Antetokounmpo 16' Jump Shot,,,,,4,203507,Giannis Antetokounmpo,1610612749.0,Milwaukee,Bucks,MIL,0,0,,,,,,0,0,,,,,,0
0021300650,164,4,0,2,9:19 PM,6:06,Ilyasova REBOUND (Off:2 Def:5),,,,,4,101141,Ersan Ilyasova,1610612749.0,Milwaukee,Bucks,MIL,0,0,,,,,,0,0,,,,,,0
0021300650,165,6,4,2,9:19 PM,5:49,Knight OFF.Foul (P1),,,,,4,202688,Brandon Knight,1610612749.0,Milwaukee,Bucks,MIL,5,202970,Gustavo Ayon,1610612737.0,Atlanta,Hawks,ATL,1,0,,,,,,0
0021300650,166,5,5,2,9:19 PM,5:49,Knight Foul Turnover (P2.T10),,,,,4,202688,Brandon Knight,1610612749.0,Milwaukee,Bucks,MIL,0,0,,,,,,1,0,,,,,,0
0021300650,167,9,1,2,9:19 PM,5:49,BUCKS Timeout: Regular (Full 2 Short 0),,,,,2,1610612749,,,,,,0,0,,,,,,0,0,,,,,,0
0021300650,169,8,0,2,9:21 PM,5:49,SUB: Henson FOR Antetokounmpo,,,,,4,203507,Giannis Antetokounmpo,1610612749.0,Milwaukee,Bucks,MIL,4,203089,John Henson,1610612749.0,Milwaukee,Bucks,MIL,0,0,,,,,,0
0021300650,170,2,1,2,9:22 PM,5:26,,,MISS Scott 25' 3PT Jump Shot,,,5,203118,Mike Scott,1610612737.0,Atlanta,Hawks,ATL,0,0,,,,,,0,0,,,,,,0
0021300650,171,4,0,2,9:22 PM,5:24,Sanders REBOUND (Off:0 Def:2),,,,,4,202336,Larry Sanders,1610612749.0,Milwaukee,Bucks,MIL,0,0,,,,,,0,0,,,,,,0
0021300650,172,1,5,2,9:22 PM,5:19,Ilyasova 1' Layup (6 PTS) (Middleton 1 AST),,,45 - 35,-10,4,101141,Ersan Ilyasova,1610612749.0,Milwaukee,Bucks,MIL,4,203114,Khris Middleton,1610612749.0,Milwaukee,Bucks,MIL,0,0,,,,,,0
0021300650,173,2,1,2,9:22 PM,4:55,,,MISS Korver 15' Jump Shot,,,5,2594,Kyle Korver,1610612737.0,Atlanta,Hawks,ATL,0,0,,,,,,0,0,,,,,,0
0021300650,174,4,0,2,9:22 PM,4:54,Ilyasova REBOUND (Off:2 Def:6),,,,,4,101141,Ersan Ilyasova,1610612749.0,Milwaukee,Bucks,MIL,0,0,,,,,,0,0,,,,,,0
0021300650,175,6,1,2,9:22 PM,4:54,,,Ayon P.FOUL (P2.T2),,,5,202970,Gustavo Ayon,1610612737.0,Atlanta,Hawks,ATL,4,101141,Ersan Ilyasova,1610612749.0,Milwaukee,Bucks,MIL,1,0,,,,,,0
0021300650,176,8,0,2,9:23 PM,4:54,,,SUB: Millsap FOR Scott,,,5,203118,Mike Scott,1610612737.0,Atlanta,Hawks,ATL,5,200794,Paul Millsap,1610612737.0,Atlanta,Hawks,ATL,0,0,,,,,,0
0021300650,177,2,1,2,9:23 PM,4:41,MISS Ilyasova 19' Jump Shot,,,,,4,101141,Ersan Ilyasova,1610612749.0,Milwaukee,Bucks,MIL,0,0,,,,,,0,0,,,,,,0
0021300650,178,4,0,2,9:23 PM,4:40,Henson REBOUND (Off:2 Def:3),,,,,4,203089,John Henson,1610612749.0,Milwaukee,Bucks,MIL,0,0,,,,,,0,0,,,,,,0
0021300650,179,2,3,2,9:23 PM,4:28,MISS Henson 6' Hook Shot,,,,,4,203089,John Henson,1610612749.0,Milwaukee,Bucks,MIL,0,0,,,,,,0,0,,,,,,0
0021300650,181,4,0,2,9:23 PM,4:27,Sanders REBOUND (Off:1 Def:2),,,,,4,202336,Larry Sanders,1610612749.0,Milwaukee,Bucks,MIL,0,0,,,,,,0,0,,,,,,0
0021300650,180,2,4,2,9:23 PM,4:27,MISS Sanders 1' Tip Shot,,,,,4,202336,Larry Sanders,1610612749.0,Milwaukee,Bucks,MIL,0,0,,,,,,0,0,,,,,,0
0021300650,182,4,0,2,9:23 PM,4:26,,,Carroll REBOUND (Off:0 Def:3),,,5,201960,DeMarre Carroll,1610612737.0,Atlanta,Hawks,ATL,0,0,,,,,,0,0,,,,,,0
0021300650,183,1,5,2,9:23 PM,4:21,,,Millsap 2' Layup (5 PTS) (Carroll 4 AST),47 - 35,-12,5,200794,Paul Millsap,1610612737.0,Atlanta,Hawks,ATL,5,201960,DeMarre Carroll,1610612737.0,Atlanta,Hawks,ATL,0,0,,,,,,0
0021300650,184,2,5,2,9:24 PM,4:04,MISS Sanders 3' Layup,,,,,4,202336,Larry Sanders,1610612749.0,Milwaukee,Bucks,MIL,0,0,,,,,,0,0,,,,,,0
0021300650,185,4,0,2,9:24 PM,4:02,,,Korver REBOUND (Off:0 Def:1),,,5,2594,Kyle Korver,1610612737.0,Atlanta,Hawks,ATL,0,0,,,,,,0,0,,,,,,0
0021300650,186,2,1,2,9:24 PM,3:52,,,MISS Mack 24' 3PT Jump Shot,,,5,202714,Shelvin Mack,1610612737.0,Atlanta,Hawks,ATL,0,0,,,,,,0,0,,,,,,0
0021300650,187,4,0,2,9:24 PM,3:51,Henson REBOUND (Off:2 Def:4),,,,,4,203089,John Henson,1610612749.0,Milwaukee,Bucks,MIL,0,0,,,,,,0,0,,,,,,0
0021300650,188,2,5,2,9:24 PM,3:45,MISS Ilyasova 1' Layup,,,,,4,101141,Ersan Ilyasova,1610612749.0,Milwaukee,Bucks,MIL,0,0,,,,,,0,0,,,,,,0
0021300650,190,4,0,2,9:24 PM,3:43,Ilyasova REBOUND (Off:3 Def:6),,,,,4,101141,Ersan Ilyasova,1610612749.0,Milwaukee,Bucks,MIL,0,0,,,,,,0,0,,,,,,0
0021300650,189,2,4,2,9:24 PM,3:43,MISS Ilyasova 1' Tip Shot,,,,,4,101141,Ersan Ilyasova,1610612749.0,Milwaukee,Bucks,MIL,0,0,,,,,,0,0,,,,,,0
0021300650,192,4,0,2,9:24 PM,3:41,Ilyasova REBOUND (Off:4 Def:6),,,,,4,101141,Ersan Ilyasova,1610612749.0,Milwaukee,Bucks,MIL,0,0,,,,,,0,0,,,,,,0
0021300650,191,1,5,2,9:24 PM,3:41,Ilyasova 1' Layup (8 PTS),,,47 - 37,-10,4,101141,Ersan Ilyasova,1610612749.0,Milwaukee,Bucks,MIL,0,0,,,,,,0,0,,,,,,0
0021300650,193,1,1,2,9:24 PM,3:22,,,Carroll 17' Jump Shot (8 PTS),49 - 37,-12,5,201960,DeMarre Carroll,1610612737.0,Atlanta,Hawks,ATL,0,0,,,,,,0,0,,,,,,0
0021300650,194,2,1,2,9:25 PM,3:06,MISS Knight 25' 3PT Jump Shot,,,,,4,202688,Brandon Knight,1610612749.0,Milwaukee,Bucks,MIL,0,0,,,,,,0,0,,,,,,0
0021300650,196,4,0,2,9:25 PM,3:05,Ilyasova REBOUND (Off:5 Def:6),,,,,4,101141,Ersan Ilyasova,1610612749.0,Milwaukee,Bucks,MIL,0,0,,,,,,0,0,,,,,,0
0021300650,195,2,4,2,9:25 PM,3:05,MISS Ilyasova 1' Tip Shot,,,,,4,101141,Ersan Ilyasova,1610612749.0,Milwaukee,Bucks,MIL,0,0,,,,,,0,0,,,,,,0
0021300650,197,4,0,2,9:25 PM,3:03,,,Carroll REBOUND (Off:0 Def:4),,,5,201960,DeMarre Carroll,1610612737.0,Atlanta,Hawks,ATL,0,0,,,,,,0,0,,,,,,0
0021300650,198,2,1,2,9:25 PM,2:51,,,MISS Millsap 26' 3PT Jump Shot,,,5,200794,Paul Millsap,1610612737.0,Atlanta,Hawks,ATL,0,0,,,,,,0,0,,,,,,0
0021300650,199,4,0,2,9:25 PM,2:51,BUCKS Rebound,,,,,2,1610612749,,,,,,0,0,,,,,,0,0,,,,,,0
0021300650,200,9,1,2,9:25 PM,2:51,,,Hawks Timeout: Regular (Reg.2 Short 0),,,3,1610612737,,,,,,0,0,,,,,,0,0,,,,,,0
0021300650,202,8,0,2,9:27 PM,2:51,,,SUB: Williams FOR Ayon,,,5,202970,Gustavo Ayon,1610612737.0,Atlanta,Hawks,ATL,5,101150,Lou Williams,1610612737.0,Atlanta,Hawks,ATL,0,0,,,,,,0
0021300650,203,8,0,2,9:27 PM,2:51,,,SUB: Brand FOR Mack,,,5,202714,Shelvin Mack,1610612737.0,Atlanta,Hawks,ATL,5,1882,Elton Brand,1610612737.0,Atlanta,Hawks,ATL,0,0,,,,,,0
0021300650,204,1,5,2,9:28 PM,2:45,Ilyasova 1' Layup (10 PTS),,,49 - 39,-10,4,101141,Ersan Ilyasova,1610612749.0,Milwaukee,Bucks,MIL,0,0,,,,,,0,0,,,,,,0
0021300650,205,6,2,2,9:28 PM,2:45,,,Brand S.FOUL (P2.T3),,,5,1882,Elton Brand,1610612737.0,Atlanta,Hawks,ATL,4,101141,Ersan Ilyasova,1610612749.0,Milwaukee,Bucks,MIL,1,0,,,,,,0
0021300650,206,3,10,2,9:28 PM,2:45,Ilyasova Free Throw 1 of 1 (11 PTS),,,49 - 40,-9,4,101141,Ersan Ilyasova,1610612749.0,Milwaukee,Bucks,MIL,0,0,,,,,,0,0,,,,,,0
0021300650,208,2,1,2,9:28 PM,2:33,,,MISS Williams 25' 3PT Jump Shot,,,5,101150,Lou Williams,1610612737.0,Atlanta,Hawks,ATL,0,0,,,,,,0,0,,,,,,0
0021300650,209,4,0,2,9:28 PM,2:32,BUCKS Rebound,,,,,2,1610612749,,,,,,0,0,,,,,,0,0,,,,,,0
0021300650,210,2,1,2,9:29 PM,2:20,MISS Ilyasova 26' 3PT Jump Shot,,,,,4,101141,Ersan Ilyasova,1610612749.0,Milwaukee,Bucks,MIL,0,0,,,,,,0,0,,,,,,0
0021300650,211,4,0,2,9:29 PM,2:19,Henson REBOUND (Off:3 Def:4),,,,,4,203089,John Henson,1610612749.0,Milwaukee,Bucks,MIL,0,0,,,,,,0,0,,,,,,0
0021300650,212,1,7,2,9:29 PM,2:18,Henson  Dunk (8 PTS),,,49 - 42,-7,4,203089,John Henson,1610612749.0,Milwaukee,Bucks,MIL,0,0,,,,,,0,0,,,,,,0
0021300650,213,1,1,2,9:29 PM,2:04,,,Millsap 3' Jump Shot (7 PTS) (Korver 2 AST),51 - 42,-9,5,200794,Paul Millsap,1610612737.0,Atlanta,Hawks,ATL,5,2594,Kyle Korver,1610612737.0,Atlanta,Hawks,ATL,0,0,,,,,,0
0021300650,214,6,2,2,9:29 PM,1:59,,,Brand S.FOUL (P3.T4),,,5,1882,Elton Brand,1610612737.0,Atlanta,Hawks,ATL,4,202336,Larry Sanders,1610612749.0,Milwaukee,Bucks,MIL,1,0,,,,,,0
0021300650,215,3,11,2,9:30 PM,1:59,Sanders Free Throw 1 of 2 (1 PTS),,,51 - 43,-8,4,202336,Larry Sanders,1610612749.0,Milwaukee,Bucks,MIL,0,0,,,,,,0,0,,,,,,0
0021300650,217,8,0,2,9:30 PM,1:59,,,SUB: Scott FOR Carroll,,,5,201960,DeMarre Carroll,1610612737.0,Atlanta,Hawks,ATL,5,203118,Mike Scott,1610612737.0,Atlanta,Hawks,ATL,0,0,,,,,,0
0021300650,218,8,0,2,9:30 PM,1:59,,,SUB: Ayon FOR Brand,,,5,1882,Elton Brand,1610612737.0,Atlanta,Hawks,ATL,5,202970,Gustavo Ayon,1610612737.0,Atlanta,Hawks,ATL,0,0,,,,,,0
0021300650,219,3,12,2,9:30 PM,1:59,MISS Sanders Free Throw 2 of 2,,,,,4,202336,Larry Sanders,1610612749.0,Milwaukee,Bucks,MIL,0,0,,,,,,0,0,,,,,,0
0021300650,221,4,0,2,9:30 PM,1:54,,,Ayon REBOUND (Off:0 Def:1),,,5,202970,Gustavo Ayon,1610612737.0,Atlanta,Hawks,ATL,0,0,,,,,,0,0,,,,,,0
0021300650,222,1,1,2,9:30 PM,1:46,,,Williams 6' Jump Shot (10 PTS),53 - 43,-10,5,101150,Lou Williams,1610612737.0,Atlanta,Hawks,ATL,0,0,,,,,,0,0,,,,,,0
0021300650,225,5,1,2,9:31 PM,1:39,Middleton Bad Pass Turnover (P2.T11),,,,,4,203114,Khris Middleton,1610612749.0,Milwaukee,Bucks,MIL,0,0,,,,,,0,0,,,,,,0
0021300650,227,1,44,2,9:31 PM,1:24,,,Ayon 1' Reverse Layup (6 PTS) (Williams 3 AST),55 - 43,-12,5,202970,Gustavo Ayon,1610612737.0,Atlanta,Hawks,ATL,5,101150,Lou Williams,1610612737.0,Atlanta,Hawks,ATL,0,0,,,,,,0
0021300650,229,5,1,2,9:31 PM,1:08,Ilyasova Bad Pass Turnover (P1.T12),,Millsap STEAL (1 STL),,,4,101141,Ersan Ilyasova,1610612749.0,Milwaukee,Bucks,MIL,5,200794,Paul Millsap,1610612737.0,Atlanta,Hawks,ATL,0,0,,,,,,0
0021300650,230,1,7,2,9:31 PM,1:05,,,Millsap 1' Dunk (9 PTS),57 - 43,-14,5,200794,Paul Millsap,1610612737.0,Atlanta,Hawks,ATL,0,0,,,,,,0,0,,,,,,0
0021300650,232,1,1,2,9:32 PM,0:41,Knight 18' Jump Shot (12 PTS),,,57 - 45,-12,4,202688,Brandon Knight,1610612749.0,Milwaukee,Bucks,MIL,0,0,,,,,,0,0,,,,,,0
0021300650,233,1,1,2,9:32 PM,0:28,,,Scott 25' 3PT Jump Shot (6 PTS) (Millsap 3 AST),60 - 45,-15,5,203118,Mike Scott,1610612737.0,Atlanta,Hawks,ATL,5,200794,Paul Millsap,1610612737.0,Atlanta,Hawks,ATL,0,0,,,,,,0
0021300650,234,6,4,2,9:33 PM,0:13,Knight OFF.Foul (P2),,,,,4,202688,Brandon Knight,1610612749.0,Milwaukee,Bucks,MIL,5,202970,Gustavo Ayon,1610612737.0,Atlanta,Hawks,ATL,1,0,,,,,,0
0021300650,235,5,5,2,9:33 PM,0:13,Knight Foul Turnover (P3.T13),,,,,4,202688,Brandon Knight,1610612749.0,Milwaukee,Bucks,MIL,0,0,,,,,,1,0,,,,,,0
0021300650,236,2,1,2,9:33 PM,0:00,,,MISS Scott  3PT Jump Shot,,,5,203118,Mike Scott,1610612737.0,Atlanta,Hawks,ATL,0,0,,,,,,0,0,,,,,,0
0021300650,237,4,0,2,9:33 PM,0:00,Ilyasova REBOUND (Off:5 Def:7),,,,,4,101141,Ersan Ilyasova,1610612749.0,Milwaukee,Bucks,MIL,0,0,,,,,,0,0,,,,,,0
0021300650,238,13,0,2,9:33 PM,0:00,,,,60 - 45,-15,0,0,,,,,,0,0,,,,,,0,0,,,,,,0
0021300650,240,12,0,3,9:51 PM,12:00,,,,60 - 45,-15,0,0,,,,,,0,0,,,,,,0,0,,,,,,0
0021300650,241,5,1,3,9:51 PM,11:58,,,Ayon Bad Pass Turnover (P1.T3),,,5,202970,Gustavo Ayon,1610612737.0,Atlanta,Hawks,ATL,0,0,,,,,,0,0,,,,,,0
0021300650,242,2,1,3,9:51 PM,11:46,MISS Ridnour 24' 3PT Jump Shot,,,,,4,2557,Luke Ridnour,1610612749.0,Milwaukee,Bucks,MIL,0,0,,,,,,0,0,,,,,,0
0021300650,243,4,0,3,9:51 PM,11:45,,,Carroll REBOUND (Off:0 Def:5),,,5,201960,DeMarre Carroll,1610612737.0,Atlanta,Hawks,ATL,0,0,,,,,,0,0,,,,,,0
0021300650,244,5,1,3,9:52 PM,11:23,Ilyasova STEAL (1 STL),,Mack Bad Pass Turnover (P1.T4),,,5,202714,Shelvin Mack,1610612737.0,Atlanta,Hawks,ATL,4,101141,Ersan Ilyasova,1610612749.0,Milwaukee,Bucks,MIL,0,0,,,,,,0
0021300650,245,2,5,3,9:52 PM,11:17,MISS Middleton 1' Layup,,,,,4,203114,Khris Middleton,1610612749.0,Milwaukee,Bucks,MIL,0,0,,,,,,0,0,,,,,,0
0021300650,246,4,0,3,9:52 PM,11:15,,,Millsap REBOUND (Off:2 Def:5),,,5,200794,Paul Millsap,1610612737.0,Atlanta,Hawks,ATL,0,0,,,,,,0,0,,,,,,0
0021300650,248,1,1,3,9:52 PM,10:56,,,Carroll 24' 3PT Jump Shot (11 PTS),63 - 45,-18,5,201960,DeMarre Carroll,1610612737.0,Atlanta,Hawks,ATL,0,0,,,,,,0,0,,,,,,0
0021300650,249,2,1,3,9:53 PM,10:37,MISS Ilyasova 18' Jump Shot,,,,,4,101141,Ersan Ilyasova,1610612749.0,Milwaukee,Bucks,MIL,0,0,,,,,,0,0,,,,,,0
0021300650,250,4,0,3,9:53 PM,10:36,,,Ayon REBOUND (Off:0 Def:2),,,5,202970,Gustavo Ayon,1610612737.0,Atlanta,Hawks,ATL,0,0,,,,,,0,0,,,,,,0
0021300650,251,1,1,3,9:53 PM,10:23,,,Millsap 12' Jump Shot (11 PTS),65 - 45,-20,5,200794,Paul Millsap,1610612737.0,Atlanta,Hawks,ATL,0,0,,,,,,0,0,,,,,,0
0021300650,252,6,1,3,9:53 PM,10:12,,,Carroll P.FOUL (P2.T1),,,5,201960,DeMarre Carroll,1610612737.0,Atlanta,Hawks,ATL,4,202688,Brandon Knight,1610612749.0,Milwaukee,Bucks,MIL,1,0,,,,,,0
0021300650,253,1,1,3,9:54 PM,10:05,Knight 5' Jump Shot (14 PTS),,,65 - 47,-18,4,202688,Brandon Knight,1610612749.0,Milwaukee,Bucks,MIL,0,0,,,,,,0,0,,,,,,0
0021300650,254,1,5,3,9:54 PM,9:50,,,Millsap 3' Layup (13 PTS),67 - 47,-20,5,200794,Paul Millsap,1610612737.0,Atlanta,Hawks,ATL,0,0,,,,,,0,0,,,,,,0
0021300650,255,6,2,3,9:54 PM,9:50,Ilyasova S.FOUL (P2.T1),,,,,4,101141,Ersan Ilyasova,1610612749.0,Milwaukee,Bucks,MIL,5,200794,Paul Millsap,1610612737.0,Atlanta,Hawks,ATL,1,0,,,,,,0
0021300650,256,3,10,3,9:54 PM,9:50,,,Millsap Free Throw 1 of 1 (14 PTS),68 - 47,-21,5,200794,Paul Millsap,1610612737.0,Atlanta,Hawks,ATL,0,0,,,,,,0,0,,,,,,0
0021300650,258,6,1,3,9:54 PM,9:41,,,Carroll P.FOUL (P3.T2),,,5,201960,DeMarre Carroll,1610612737.0,Atlanta,Hawks,ATL,4,202688,Brandon Knight,1610612749.0,Milwaukee,Bucks,MIL,1,0,,,,,,0
0021300650,259,2,1,3,9:55 PM,9:32,MISS Knight 26' 3PT Jump Shot,,,,,4,202688,Brandon Knight,1610612749.0,Milwaukee,Bucks,MIL,0,0,,,,,,0,0,,,,,,0
0021300650,260,4,0,3,9:55 PM,9:31,,,Korver REBOUND (Off:0 Def:2),,,5,2594,Kyle Korver,1610612737.0,Atlanta,Hawks,ATL,0,0,,,,,,0,0,,,,,,0
0021300650,261,6,29,3,9:55 PM,9:17,Sanders Shooting Block Foul (P2.T2),,,,,4,202336,Larry Sanders,1610612749.0,Milwaukee,Bucks,MIL,5,200794,Paul Millsap,1610612737.0,Atlanta,Hawks,ATL,1,0,,,,,,0
0021300650,262,3,11,3,9:55 PM,9:17,,,MISS Millsap Free Throw 1 of 2,,,5,200794,Paul Millsap,1610612737.0,Atlanta,Hawks,ATL,0,0,,,,,,0,0,,,,,,0
0021300650,263,4,1,3,9:55 PM,9:17,,,Hawks Rebound,,,3,1610612737,,,,,,0,0,,,,,,0,0,,,,,,0
0021300650,264,3,12,3,9:56 PM,9:17,,,Millsap Free Throw 2 of 2 (15 PTS),69 - 47,-22,5,200794,Paul Millsap,1610612737.0,Atlanta,Hawks,ATL,0,0,,,,,,0,0,,,,,,0
0021300650,266,2,3,3,9:56 PM,8:53,MISS Sanders 6' Hook Shot,,,,,4,202336,Larry Sanders,1610612749.0,Milwaukee,Bucks,MIL,0,0,,,,,,0,0,,,,,,0
0021300650,267,4,0,3,9:56 PM,8:52,Ilyasova REBOUND (Off:6 Def:7),,,,,4,101141,Ersan Ilyasova,1610612749.0,Milwaukee,Bucks,MIL,0,0,,,,,,0,0,,,,,,0
0021300650,268,2,5,3,9:56 PM,8:50,MISS Ilyasova 1' Layup,,,,,4,101141,Ersan Ilyasova,1610612749.0,Milwaukee,Bucks,MIL,0,0,,,,,,0,0,,,,,,0
0021300650,269,4,0,3,9:56 PM,8:48,,,Carroll REBOUND (Off:0 Def:6),,,5,201960,DeMarre Carroll,1610612737.0,Atlanta,Hawks,ATL,0,0,,,,,,0,0,,,,,,0
0021300650,270,1,5,3,9:56 PM,8:46,,,Millsap 1' Layup (17 PTS) (Mack 3 AST),71 - 47,-24,5,200794,Paul Millsap,1610612737.0,Atlanta,Hawks,ATL,5,202714,Shelvin Mack,1610612737.0,Atlanta,Hawks,ATL,0,0,,,,,,0
0021300650,271,6,2,3,9:56 PM,8:46,Knight S.FOUL (P3.T3),,,,,4,202688,Brandon Knight,1610612749.0,Milwaukee,Bucks,MIL,5,200794,Paul Millsap,1610612737.0,Atlanta,Hawks,ATL,1,0,,,,,,0
0021300650,272,3,10,3,9:57 PM,8:46,,,Millsap Free Throw 1 of 1 (18 PTS),72 - 47,-25,5,200794,Paul Millsap,1610612737.0,Atlanta,Hawks,ATL,0,0,,,,,,0,0,,,,,,0
0021300650,274,5,2,3,9:57 PM,8:28,Sanders Lost Ball Turnover (P1.T14),,Millsap STEAL (2 STL),,,4,202336,Larry Sanders,1610612749.0,Milwaukee,Bucks,MIL,5,200794,Paul Millsap,1610612737.0,Atlanta,Hawks,ATL,0,0,,,,,,0
0021300650,275,6,2,3,9:57 PM,8:25,Ridnour S.FOUL (P3.T4),,,,,4,2557,Luke Ridnour,1610612749.0,Milwaukee,Bucks,MIL,5,201960,DeMarre Carroll,1610612737.0,Atlanta,Hawks,ATL,1,0,,,,,,0
0021300650,276,3,11,3,9:58 PM,8:25,,,Carroll Free Throw 1 of 2 (12 PTS),73 - 47,-26,5,201960,DeMarre Carroll,1610612737.0,Atlanta,Hawks,ATL,0,0,,,,,,0,0,,,,,,0
0021300650,278,8,0,3,9:58 PM,8:25,SUB: Henson FOR Ilyasova,,,,,4,101141,Ersan Ilyasova,1610612749.0,Milwaukee,Bucks,MIL,4,203089,John Henson,1610612749.0,Milwaukee,Bucks,MIL,0,0,,,,,,0
0021300650,279,3,12,3,9:58 PM,8:25,,,MISS Carroll Free Throw 2 of 2,,,5,201960,DeMarre Carroll,1610612737.0,Atlanta,Hawks,ATL,0,0,,,,,,0,0,,,,,,0
0021300650,281,4,0,3,9:58 PM,8:24,Sanders REBOUND (Off:1 Def:3),,,,,4,202336,Larry Sanders,1610612749.0,Milwaukee,Bucks,MIL,0,0,,,,,,0,0,,,,,,0
0021300650,282,9,1,3,9:58 PM,8:24,BUCKS Timeout: Regular (Full 3 Short 0),,,,,2,1610612749,,,,,,0,0,,,,,,0,0,,,,,,0
0021300650,284,8,0,3,10:00 PM,8:24,SUB: Mayo FOR Ridnour,,,,,4,2557,Luke Ridnour,1610612749.0,Milwaukee,Bucks,MIL,4,201564,O.J. Mayo,1610612749.0,Milwaukee,Bucks,MIL,0,0,,,,,,0
0021300650,286,1,1,3,10:01 PM,8:09,Middleton 15' Jump Shot (9 PTS),,,73 - 49,-24,4,203114,Khris Middleton,1610612749.0,Milwaukee,Bucks,MIL,0,0,,,,,,0,0,,,,,,0
0021300650,287,2,1,3,10:01 PM,7:43,Knight BLOCK (1 BLK),,MISS Mack 12' Jump Shot,,,5,202714,Shelvin Mack,1610612737.0,Atlanta,Hawks,ATL,0,0,,,,,,4,202688,Brandon Knight,1610612749.0,Milwaukee,Bucks,MIL,0
0021300650,288,4,0,3,10:02 PM,7:41,Mayo REBOUND (Off:0 Def:1),,,,,4,201564,O.J. Mayo,1610612749.0,Milwaukee,Bucks,MIL,0,0,,,,,,0,0,,,,,,0
0021300650,289,1,78,3,10:02 PM,7:35,Knight 3' Floating Jump Shot (16 PTS) (Mayo 2 AST),,,73 - 51,-22,4,202688,Brandon Knight,1610612749.0,Milwaukee,Bucks,MIL,4,201564,O.J. Mayo,1610612749.0,Milwaukee,Bucks,MIL,0,0,,,,,,0
0021300650,290,1,1,3,10:02 PM,7:18,,,Korver 28' 3PT Jump Shot (10 PTS) (Mack 4 AST),76 - 51,-25,5,2594,Kyle Korver,1610612737.0,Atlanta,Hawks,ATL,5,202714,Shelvin Mack,1610612737.0,Atlanta,Hawks,ATL,0,0,,,,,,0
0021300650,291,5,1,3,10:02 PM,7:03,Sanders Bad Pass Turnover (P2.T15),,Mack STEAL (1 STL),,,4,202336,Larry Sanders,1610612749.0,Milwaukee,Bucks,MIL,5,202714,Shelvin Mack,1610612737.0,Atlanta,Hawks,ATL,0,0,,,,,,0
0021300650,292,6,2,3,10:02 PM,7:00,Middleton S.FOUL (P2.PN),,,,,4,203114,Khris Middleton,1610612749.0,Milwaukee,Bucks,MIL,5,202714,Shelvin Mack,1610612737.0,Atlanta,Hawks,ATL,1,0,,,,,,0
0021300650,293,3,11,3,10:03 PM,7:00,,,Mack Free Throw 1 of 2 (5 PTS),77 - 51,-26,5,202714,Shelvin Mack,1610612737.0,Atlanta,Hawks,ATL,0,0,,,,,,0,0,,,,,,0
0021300650,295,8,0,3,10:03 PM,7:00,,,SUB: Williams FOR Carroll,,,5,201960,DeMarre Carroll,1610612737.0,Atlanta,Hawks,ATL,5,101150,Lou Williams,1610612737.0,Atlanta,Hawks,ATL,0,0,,,,,,0
0021300650,296,8,0,3,10:03 PM,7:00,SUB: Raduljica FOR Sanders,,,,,4,202336,Larry Sanders,1610612749.0,Milwaukee,Bucks,MIL,4,203545,Miroslav Raduljica,1610612749.0,Milwaukee,Bucks,MIL,0,0,,,,,,0
0021300650,297,3,12,3,10:03 PM,7:00,,,Mack Free Throw 2 of 2 (6 PTS),78 - 51,-27,5,202714,Shelvin Mack,1610612737.0,Atlanta,Hawks,ATL,0,0,,,,,,0,0,,,,,,0
0021300650,299,5,1,3,10:03 PM,6:50,Knight Bad Pass Turnover (P4.T16),,Mack STEAL (2 STL),,,4,202688,Brandon Knight,1610612749.0,Milwaukee,Bucks,MIL,5,202714,Shelvin Mack,1610612737.0,Atlanta,Hawks,ATL,0,0,,,,,,0
0021300650,300,5,1,3,10:03 PM,6:47,Middleton STEAL (1 STL),,Mack Bad Pass Turnover (P2.T5),,,5,202714,Shelvin Mack,1610612737.0,Atlanta,Hawks,ATL,4,203114,Khris Middleton,1610612749.0,Milwaukee,Bucks,MIL,0,0,,,,,,0
0021300650,301,2,1,3,10:03 PM,6:39,MISS Mayo 26' 3PT Jump Shot,,,,,4,201564,O.J. Mayo,1610612749.0,Milwaukee,Bucks,MIL,0,0,,,,,,0,0,,,,,,0
0021300650,302,4,0,3,10:03 PM,6:38,,,Ayon REBOUND (Off:0 Def:3),,,5,202970,Gustavo Ayon,1610612737.0,Atlanta,Hawks,ATL,0,0,,,,,,0,0,,,,,,0
0021300650,303,1,5,3,10:04 PM,6:16,,,Ayon 2' Layup (8 PTS) (Millsap 4 AST),80 - 51,-29,5,202970,Gustavo Ayon,1610612737.0,Atlanta,Hawks,ATL,5,200794,Paul Millsap,1610612737.0,Atlanta,Hawks,ATL,0,0,,,,,,0
0021300650,304,1,1,3,10:04 PM,6:02,Knight 19' Jump Shot (18 PTS),,,80 - 53,-27,4,202688,Brandon Knight,1610612749.0,Milwaukee,Bucks,MIL,0,0,,,,,,0,0,,,,,,0
0021300650,305,1,5,3,10:04 PM,5:51,,,Williams 1' Layup (12 PTS) (Ayon 1 AST),82 - 53,-29,5,101150,Lou Williams,1610612737.0,Atlanta,Hawks,ATL,5,202970,Gustavo Ayon,1610612737.0,Atlanta,Hawks,ATL,0,0,,,,,,0
0021300650,306,6,2,3,10:04 PM,5:51,Middleton S.FOUL (P3.PN),,,,,4,203114,Khris Middleton,1610612749.0,Milwaukee,Bucks,MIL,5,101150,Lou Williams,1610612737.0,Atlanta,Hawks,ATL,1,0,,,,,,0
0021300650,307,8,0,3,10:05 PM,5:51,,,SUB: Brand FOR Ayon,,,5,202970,Gustavo Ayon,1610612737.0,Atlanta,Hawks,ATL,5,1882,Elton Brand,1610612737.0,Atlanta,Hawks,ATL,0,0,,,,,,0
0021300650,308,8,0,3,10:05 PM,5:51,SUB: Antetokounmpo FOR Middleton,,,,,4,203114,Khris Middleton,1610612749.0,Milwaukee,Bucks,MIL,4,203507,Giannis Antetokounmpo,1610612749.0,Milwaukee,Bucks,MIL,0,0,,,,,,0
0021300650,309,3,10,3,10:05 PM,5:51,,,Williams Free Throw 1 of 1 (13 PTS),83 - 53,-30,5,101150,Lou Williams,1610612737.0,Atlanta,Hawks,ATL,0,0,,,,,,0,0,,,,,,0
0021300650,311,2,1,3,10:05 PM,5:37,MISS Mayo 25' 3PT Jump Shot,,,,,4,201564,O.J. Mayo,1610612749.0,Milwaukee,Bucks,MIL,0,0,,,,,,0,0,,,,,,0
0021300650,312,4,0,3,10:05 PM,5:34,,,Korver REBOUND (Off:0 Def:3),,,5,2594,Kyle Korver,1610612737.0,Atlanta,Hawks,ATL,0,0,,,,,,0,0,,,,,,0
0021300650,313,2,5,3,10:05 PM,5:23,,,MISS Millsap 1' Layup,,,5,200794,Paul Millsap,1610612737.0,Atlanta,Hawks,ATL,0,0,,,,,,0,0,,,,,,0
0021300650,314,4,0,3,10:05 PM,5:21,Henson REBOUND (Off:3 Def:5),,,,,4,203089,John Henson,1610612749.0,Milwaukee,Bucks,MIL,0,0,,,,,,0,0,,,,,,0
0021300650,315,6,28,3,10:06 PM,5:19,,,Mack Personal Take Foul (P1.T3),,,5,202714,Shelvin Mack,1610612737.0,Atlanta,Hawks,ATL,4,202688,Brandon Knight,1610612749.0,Milwaukee,Bucks,MIL,1,0,,,,,,0
0021300650,316,2,3,3,10:06 PM,5:05,MISS Raduljica 3' Hook Shot,,,,,4,203545,Miroslav Raduljica,1610612749.0,Milwaukee,Bucks,MIL,0,0,,,,,,0,0,,,,,,0
0021300650,317,4,0,3,10:06 PM,5:04,,,Brand REBOUND (Off:0 Def:4),,,5,1882,Elton Brand,1610612737.0,Atlanta,Hawks,ATL,0,0,,,,,,0,0,,,,,,0
0021300650,318,1,1,3,10:06 PM,4:51,,,Mack  3PT Jump Shot (9 PTS) (Brand 2 AST),86 - 53,-33,5,202714,Shelvin Mack,1610612737.0,Atlanta,Hawks,ATL,5,1882,Elton Brand,1610612737.0,Atlanta,Hawks,ATL,0,0,,,,,,0
0021300650,319,1,1,3,10:07 PM,4:31,Knight 27' 3PT Jump Shot (21 PTS) (Mayo 3 AST),,,86 - 56,-30,4,202688,Brandon Knight,1610612749.0,Milwaukee,Bucks,MIL,4,201564,O.J. Mayo,1610612749.0,Milwaukee,Bucks,MIL,0,0,,,,,,0
0021300650,320,6,1,3,10:07 PM,4:21,Knight P.FOUL (P4.PN),,,,,4,202688,Brandon Knight,1610612749.0,Milwaukee,Bucks,MIL,5,2594,Kyle Korver,1610612737.0,Atlanta,Hawks,ATL,1,0,,,,,,0
0021300650,321,3,11,3,10:07 PM,4:21,,,Korver Free Throw 1 of 2 (11 PTS),87 - 56,-31,5,2594,Kyle Korver,1610612737.0,Atlanta,Hawks,ATL,0,0,,,,,,0,0,,,,,,0
0021300650,323,8,0,3,10:07 PM,4:21,SUB: Wolters FOR Knight,,,,,4,202688,Brandon Knight,1610612749.0,Milwaukee,Bucks,MIL,4,203489,Nate Wolters,1610612749.0,Milwaukee,Bucks,MIL,0,0,,,,,,0
0021300650,324,8,0,3,10:08 PM,4:21,,,SUB: Schroder FOR Mack,,,5,202714,Shelvin Mack,1610612737.0,Atlanta,Hawks,ATL,5,203471,Dennis Schröder,1610612737.0,Atlanta,Hawks,ATL,0,0,,,,,,0
0021300650,325,3,12,3,10:08 PM,4:21,,,Korver Free Throw 2 of 2 (12 PTS),88 - 56,-32,5,2594,Kyle Korver,1610612737.0,Atlanta,Hawks,ATL,0,0,,,,,,0,0,,,,,,0
0021300650,327,1,1,3,10:08 PM,4:05,Mayo 12' Jump Shot (2 PTS) (Antetokounmpo 1 AST),,,88 - 58,-30,4,201564,O.J. Mayo,1610612749.0,Milwaukee,Bucks,MIL,4,203507,Giannis Antetokounmpo,1610612749.0,Milwaukee,Bucks,MIL,0,0,,,,,,0
0021300650,328,5,1,3,10:08 PM,3:48,Antetokounmpo STEAL (1 STL),,Williams Bad Pass Turnover (P1.T6),,,5,101150,Lou Williams,1610612737.0,Atlanta,Hawks,ATL,4,203507,Giannis Antetokounmpo,1610612749.0,Milwaukee,Bucks,MIL,0,0,,,,,,0
0021300650,329,6,2,3,10:08 PM,3:45,,,Korver S.FOUL (P1.T4),,,5,2594,Kyle Korver,1610612737.0,Atlanta,Hawks,ATL,4,203507,Giannis Antetokounmpo,1610612749.0,Milwaukee,Bucks,MIL,1,0,,,,,,0
0021300650,330,3,11,3,10:09 PM,3:45,MISS Antetokounmpo Free Throw 1 of 2,,,,,4,203507,Giannis Antetokounmpo,1610612749.0,Milwaukee,Bucks,MIL,0,0,,,,,,0,0,,,,,,0
0021300650,331,4,1,3,10:09 PM,3:45,BUCKS Rebound,,,,,2,1610612749,,,,,,0,0,,,,,,0,0,,,,,,0
0021300650,332,3,12,3,10:09 PM,3:45,Antetokounmpo Free Throw 2 of 2 (3 PTS),,,88 - 59,-29,4,203507,Giannis Antetokounmpo,1610612749.0,Milwaukee,Bucks,MIL,0,0,,,,,,0,0,,,,,,0
0021300650,334,2,1,3,10:10 PM,3:22,,,MISS Schroder 5' Jump Shot,,,5,203471,Dennis Schröder,1610612737.0,Atlanta,Hawks,ATL,0,0,,,,,,0,0,,,,,,0
0021300650,335,4,0,3,10:10 PM,3:21,,,Brand REBOUND (Off:1 Def:4),,,5,1882,Elton Brand,1610612737.0,Atlanta,Hawks,ATL,0,0,,,,,,0,0,,,,,,0
0021300650,336,1,1,3,10:10 PM,3:10,,,Williams 20' Jump Shot (15 PTS),90 - 59,-31,5,101150,Lou Williams,1610612737.0,Atlanta,Hawks,ATL,0,0,,,,,,0,0,,,,,,0
0021300650,337,6,1,3,10:10 PM,2:50,,,Schroder P.FOUL (P1.PN),,,5,203471,Dennis Schröder,1610612737.0,Atlanta,Hawks,ATL,4,203489,Nate Wolters,1610612749.0,Milwaukee,Bucks,MIL,1,0,,,,,,0
0021300650,338,9,1,3,10:10 PM,2:50,,,Hawks Timeout: Regular (Reg.3 Short 0),,,3,1610612737,,,,,,0,0,,,,,,0,0,,,,,,0
0021300650,340,8,0,3,10:12 PM,2:50,,,SUB: Scott FOR Korver,,,5,2594,Kyle Korver,1610612737.0,Atlanta,Hawks,ATL,5,203118,Mike Scott,1610612737.0,Atlanta,Hawks,ATL,0,0,,,,,,0
0021300650,341,8,0,3,10:13 PM,2:50,SUB: Butler FOR Raduljica,,,,,4,203545,Miroslav Raduljica,1610612749.0,Milwaukee,Bucks,MIL,4,2406,Caron Butler,1610612749.0,Milwaukee,Bucks,MIL,0,0,,,,,,0
0021300650,342,3,11,3,10:13 PM,2:50,MISS Wolters Free Throw 1 of 2,,,,,4,203489,Nate Wolters,1610612749.0,Milwaukee,Bucks,MIL,0,0,,,,,,0,0,,,,,,0
0021300650,343,4,1,3,10:13 PM,2:50,BUCKS Rebound,,,,,2,1610612749,,,,,,0,0,,,,,,0,0,,,,,,0
0021300650,344,3,12,3,10:13 PM,2:50,Wolters Free Throw 2 of 2 (1 PTS),,,90 - 60,-30,4,203489,Nate Wolters,1610612749.0,Milwaukee,Bucks,MIL,0,0,,,,,,0,0,,,,,,0
0021300650,346,2,1,3,10:14 PM,2:34,,,MISS Williams 26' 3PT Jump Shot,,,5,101150,Lou Williams,1610612737.0,Atlanta,Hawks,ATL,0,0,,,,,,0,0,,,,,,0
0021300650,347,4,0,3,10:14 PM,2:32,Henson REBOUND (Off:3 Def:6),,,,,4,203089,John Henson,1610612749.0,Milwaukee,Bucks,MIL,0,0,,,,,,0,0,,,,,,0
0021300650,348,1,5,3,10:14 PM,2:12,Henson 1' Layup (10 PTS) (Butler 1 AST),,,90 - 62,-28,4,203089,John Henson,1610612749.0,Milwaukee,Bucks,MIL,4,2406,Caron Butler,1610612749.0,Milwaukee,Bucks,MIL,0,0,,,,,,0
0021300650,349,2,5,3,10:14 PM,1:53,Henson BLOCK (2 BLK),,MISS Scott 1' Layup,,,5,203118,Mike Scott,1610612737.0,Atlanta,Hawks,ATL,0,0,,,,,,4,203089,John Henson,1610612749.0,Milwaukee,Bucks,MIL,0
0021300650,350,4,0,3,10:14 PM,1:52,Henson REBOUND (Off:3 Def:7),,,,,4,203089,John Henson,1610612749.0,Milwaukee,Bucks,MIL,0,0,,,,,,0,0,,,,,,0
0021300650,351,1,1,3,10:14 PM,1:45,Butler 19' Jump Shot (4 PTS) (Wolters 1 AST),,,90 - 64,-26,4,2406,Caron Butler,1610612749.0,Milwaukee,Bucks,MIL,4,203489,Nate Wolters,1610612749.0,Milwaukee,Bucks,MIL,0,0,,,,,,0
0021300650,352,1,1,3,10:15 PM,1:19,,,Millsap 11' Jump Shot (20 PTS) (Williams 4 AST),92 - 64,-28,5,200794,Paul Millsap,1610612737.0,Atlanta,Hawks,ATL,5,101150,Lou Williams,1610612737.0,Atlanta,Hawks,ATL,0,0,,,,,,0
0021300650,353,2,1,3,10:15 PM,1:01,MISS Mayo 17' Jump Shot,,,,,4,201564,O.J. Mayo,1610612749.0,Milwaukee,Bucks,MIL,0,0,,,,,,0,0,,,,,,0
0021300650,354,4,0,3,10:15 PM,0:59,,,Millsap REBOUND (Off:2 Def:6),,,5,200794,Paul Millsap,1610612737.0,Atlanta,Hawks,ATL,0,0,,,,,,0,0,,,,,,0
0021300650,355,6,2,3,10:15 PM,0:53,Wolters S.FOUL (P1.PN),,,,,4,203489,Nate Wolters,1610612749.0,Milwaukee,Bucks,MIL,5,203471,Dennis Schröder,1610612737.0,Atlanta,Hawks,ATL,1,0,,,,,,0
0021300650,356,3,11,3,10:15 PM,0:53,,,Schroder Free Throw 1 of 2 (3 PTS),93 - 64,-29,5,203471,Dennis Schröder,1610612737.0,Atlanta,Hawks,ATL,0,0,,,,,,0,0,,,,,,0
0021300650,358,3,12,3,10:16 PM,0:53,,,Schroder Free Throw 2 of 2 (4 PTS),94 - 64,-30,5,203471,Dennis Schröder,1610612737.0,Atlanta,Hawks,ATL,0,0,,,,,,0,0,,,,,,0
0021300650,360,2,1,3,10:16 PM,0:34,MISS Butler 26' 3PT Jump Shot,,,,,4,2406,Caron Butler,1610612749.0,Milwaukee,Bucks,MIL,0,0,,,,,,0,0,,,,,,0
0021300650,361,4,0,3,10:16 PM,0:33,,,Schroder REBOUND (Off:0 Def:1),,,5,203471,Dennis Schröder,1610612737.0,Atlanta,Hawks,ATL,0,0,,,,,,0,0,,,,,,0
0021300650,362,1,1,3,10:16 PM,0:24,,,Brand 13' Jump Shot (10 PTS) (Williams 5 AST),96 - 64,-32,5,1882,Elton Brand,1610612737.0,Atlanta,Hawks,ATL,5,101150,Lou Williams,1610612737.0,Atlanta,Hawks,ATL,0,0,,,,,,0
0021300650,363,2,5,3,10:17 PM,0:05,MISS Wolters 1' Layup,,Brand BLOCK (1 BLK),,,4,203489,Nate Wolters,1610612749.0,Milwaukee,Bucks,MIL,0,0,,,,,,5,1882,Elton Brand,1610612737.0,Atlanta,Hawks,ATL,0
0021300650,364,4,0,3,10:17 PM,0:04,BUCKS Rebound,,,,,2,1610612749,,,,,,0,0,,,,,,0,0,,,,,,0
0021300650,365,2,1,3,10:17 PM,0:01,MISS Butler 13' Jump Shot,,,,,4,2406,Caron Butler,1610612749.0,Milwaukee,Bucks,MIL,0,0,,,,,,0,0,,,,,,0
0021300650,366,4,0,3,10:17 PM,0:00,,,Scott REBOUND (Off:0 Def:1),,,5,203118,Mike Scott,1610612737.0,Atlanta,Hawks,ATL,0,0,,,,,,0,0,,,,,,0
0021300650,367,13,0,3,10:17 PM,0:00,,,,96 - 64,-32,0,0,,,,,,0,0,,,,,,0,0,,,,,,0
0021300650,369,12,0,4,10:20 PM,12:00,,,,96 - 64,-32,0,0,,,,,,0,0,,,,,,0,0,,,,,,0
0021300650,370,2,65,4,10:20 PM,11:46,MISS Henson 5' Jump Hook Shot,,Brand BLOCK (2 BLK),,,4,203089,John Henson,1610612749.0,Milwaukee,Bucks,MIL,0,0,,,,,,5,1882,Elton Brand,1610612737.0,Atlanta,Hawks,ATL,0
0021300650,371,4,0,4,10:20 PM,11:44,,,Nunnally REBOUND (Off:0 Def:1),,,5,203263,James Nunnally,1610612737.0,Atlanta,Hawks,ATL,0,0,,,,,,0,0,,,,,,0
0021300650,372,2,1,4,10:20 PM,11:30,,,MISS Schroder 8' Jump Shot,,,5,203471,Dennis Schröder,1610612737.0,Atlanta,Hawks,ATL,0,0,,,,,,0,0,,,,,,0
0021300650,373,4,0,4,10:20 PM,11:29,Antetokounmpo REBOUND (Off:0 Def:1),,,,,4,203507,Giannis Antetokounmpo,1610612749.0,Milwaukee,Bucks,MIL,0,0,,,,,,0,0,,,,,,0
0021300650,374,1,5,4,10:20 PM,11:26,Wolters 1' Layup (3 PTS) (Antetokounmpo 2 AST),,,96 - 66,-30,4,203489,Nate Wolters,1610612749.0,Milwaukee,Bucks,MIL,4,203507,Giannis Antetokounmpo,1610612749.0,Milwaukee,Bucks,MIL,0,0,,,,,,0
0021300650,375,6,1,4,10:21 PM,11:11,Antetokounmpo P.FOUL (P3.T1),,,,,4,203507,Giannis Antetokounmpo,1610612749.0,Milwaukee,Bucks,MIL,5,101150,Lou Williams,1610612737.0,Atlanta,Hawks,ATL,1,0,,,,,,0
0021300650,376,5,2,4,10:21 PM,10:57,Butler STEAL (1 STL),,Scott Lost Ball Turnover (P1.T7),,,5,203118,Mike Scott,1610612737.0,Atlanta,Hawks,ATL,4,2406,Caron Butler,1610612749.0,Milwaukee,Bucks,MIL,0,0,,,,,,0
0021300650,377,1,1,4,10:22 PM,10:35,Butler 19' Jump Shot (6 PTS),,,96 - 68,-28,4,2406,Caron Butler,1610612749.0,Milwaukee,Bucks,MIL,0,0,,,,,,0,0,,,,,,0
0021300650,378,1,1,4,10:22 PM,10:14,,,Scott 8' Jump Shot (8 PTS) (Schroder 1 AST),98 - 68,-30,5,203118,Mike Scott,1610612737.0,Atlanta,Hawks,ATL,5,203471,Dennis Schröder,1610612737.0,Atlanta,Hawks,ATL,0,0,,,,,,0
0021300650,379,1,1,4,10:22 PM,9:51,Butler 13' Jump Shot (8 PTS),,,98 - 70,-28,4,2406,Caron Butler,1610612749.0,Milwaukee,Bucks,MIL,0,0,,,,,,0,0,,,,,,0
0021300650,380,6,1,4,10:22 PM,9:43,Antetokounmpo P.FOUL (P4.T2),,,,,4,203507,Giannis Antetokounmpo,1610612749.0,Milwaukee,Bucks,MIL,5,203263,James Nunnally,1610612737.0,Atlanta,Hawks,ATL,1,0,,,,,,0
0021300650,381,2,1,4,10:23 PM,9:35,,,MISS Brand 15' Jump Shot,,,5,1882,Elton Brand,1610612737.0,Atlanta,Hawks,ATL,0,0,,,,,,0,0,,,,,,0
0021300650,382,4,0,4,10:23 PM,9:33,Butler REBOUND (Off:0 Def:2),,,,,4,2406,Caron Butler,1610612749.0,Milwaukee,Bucks,MIL,0,0,,,,,,0,0,,,,,,0
0021300650,383,2,1,4,10:23 PM,9:28,MISS Butler 18' Jump Shot,,,,,4,2406,Caron Butler,1610612749.0,Milwaukee,Bucks,MIL,0,0,,,,,,0,0,,,,,,0
0021300650,384,4,0,4,10:23 PM,9:27,,,Scott REBOUND (Off:0 Def:2),,,5,203118,Mike Scott,1610612737.0,Atlanta,Hawks,ATL,0,0,,,,,,0,0,,,,,,0
0021300650,385,6,29,4,10:23 PM,9:18,Henson Shooting Block Foul (P2.T3),,,,,4,203089,John Henson,1610612749.0,Milwaukee,Bucks,MIL,5,203118,Mike Scott,1610612737.0,Atlanta,Hawks,ATL,1,0,,,,,,0
0021300650,386,3,11,4,10:24 PM,9:18,,,Scott Free Throw 1 of 2 (9 PTS),99 - 70,-29,5,203118,Mike Scott,1610612737.0,Atlanta,Hawks,ATL,0,0,,,,,,0,0,,,,,,0
0021300650,388,8,0,4,10:24 PM,9:18,SUB: Knight FOR Mayo,,,,,4,201564,O.J. Mayo,1610612749.0,Milwaukee,Bucks,MIL,4,202688,Brandon Knight,1610612749.0,Milwaukee,Bucks,MIL,0,0,,,,,,0
0021300650,389,3,12,4,10:24 PM,9:18,,,Scott Free Throw 2 of 2 (10 PTS),100 - 70,-30,5,203118,Mike Scott,1610612737.0,Atlanta,Hawks,ATL,0,0,,,,,,0,0,,,,,,0
0021300650,391,5,1,4,10:25 PM,9:01,Butler Bad Pass Turnover (P1.T17),,Schroder STEAL (1 STL),,,4,2406,Caron Butler,1610612749.0,Milwaukee,Bucks,MIL,5,203471,Dennis Schröder,1610612737.0,Atlanta,Hawks,ATL,0,0,,,,,,0
0021300650,392,2,5,4,10:25 PM,8:57,Antetokounmpo BLOCK (1 BLK),,MISS Schroder 2' Layup,,,5,203471,Dennis Schröder,1610612737.0,Atlanta,Hawks,ATL,0,0,,,,,,4,203507,Giannis Antetokounmpo,1610612749.0,Milwaukee,Bucks,MIL,0
0021300650,393,4,0,4,10:25 PM,8:54,,,Nunnally REBOUND (Off:1 Def:1),,,5,203263,James Nunnally,1610612737.0,Atlanta,Hawks,ATL,0,0,,,,,,0,0,,,,,,0
0021300650,394,1,1,4,10:25 PM,8:47,,,Williams 26' 3PT Jump Shot (18 PTS),103 - 70,-33,5,101150,Lou Williams,1610612737.0,Atlanta,Hawks,ATL,0,0,,,,,,0,0,,,,,,0
0021300650,395,5,2,4,10:25 PM,8:33,Antetokounmpo Lost Ball Turnover (P4.T18),,Nunnally STEAL (1 STL),,,4,203507,Giannis Antetokounmpo,1610612749.0,Milwaukee,Bucks,MIL,5,203263,James Nunnally,1610612737.0,Atlanta,Hawks,ATL,0,0,,,,,,0
0021300650,396,6,1,4,10:25 PM,8:33,Antetokounmpo P.FOUL (P5.T4),,,,,4,203507,Giannis Antetokounmpo,1610612749.0,Milwaukee,Bucks,MIL,5,203263,James Nunnally,1610612737.0,Atlanta,Hawks,ATL,1,0,,,,,,0
0021300650,397,9,4,4,10:25 PM,8:33,,,,,,1,0,,,,,,0,0,,,,,,0,0,,,,,,0
0021300650,399,8,0,4,10:28 PM,8:33,,,SUB: Cunningham FOR Williams,,,5,101150,Lou Williams,1610612737.0,Atlanta,Hawks,ATL,5,203099,Jared Cunningham,1610612737.0,Atlanta,Hawks,ATL,0,0,,,,,,0
0021300650,400,2,1,4,10:28 PM,8:11,,,MISS Nunnally 25' 3PT Jump Shot,,,5,203263,James Nunnally,1610612737.0,Atlanta,Hawks,ATL,0,0,,,,,,0,0,,,,,,0
0021300650,401,4,0,4,10:28 PM,8:10,Knight REBOUND (Off:0 Def:1),,,,,4,202688,Brandon Knight,1610612749.0,Milwaukee,Bucks,MIL,0,0,,,,,,0,0,,,,,,0
0021300650,402,6,1,4,10:28 PM,7:58,,,Brand P.FOUL (P4.T1),,,5,1882,Elton Brand,1610612737.0,Atlanta,Hawks,ATL,4,203089,John Henson,1610612749.0,Milwaukee,Bucks,MIL,1,0,,,,,,0
0021300650,403,8,0,4,10:29 PM,7:58,,,SUB: Ayon FOR Brand,,,5,1882,Elton Brand,1610612737.0,Atlanta,Hawks,ATL,5,202970,Gustavo Ayon,1610612737.0,Atlanta,Hawks,ATL,0,0,,,,,,0
0021300650,404,1,1,4,10:29 PM,7:48,Butler 20' Jump Shot (10 PTS) (Wolters 2 AST),,,103 - 72,-31,4,2406,Caron Butler,1610612749.0,Milwaukee,Bucks,MIL,4,203489,Nate Wolters,1610612749.0,Milwaukee,Bucks,MIL,0,0,,,,,,0
0021300650,405,2,1,4,10:29 PM,7:35,Wolters BLOCK (1 BLK),,MISS Schroder 4' Jump Shot,,,5,203471,Dennis Schröder,1610612737.0,Atlanta,Hawks,ATL,0,0,,,,,,4,203489,Nate Wolters,1610612749.0,Milwaukee,Bucks,MIL,0
0021300650,406,4,0,4,10:29 PM,7:35,,,Hawks Rebound,,,3,1610612737,,,,,,0,0,,,,,,0,0,,,,,,0
0021300650,407,5,2,4,10:29 PM,7:30,Wolters STEAL (1 STL),,Ayon Lost Ball Turnover (P2.T8),,,5,202970,Gustavo Ayon,1610612737.0,Atlanta,Hawks,ATL,4,203489,Nate Wolters,1610612749.0,Milwaukee,Bucks,MIL,0,0,,,,,,0
0021300650,408,6,4,4,10:30 PM,7:21,Butler OFF.Foul (P1),,,,,4,2406,Caron Butler,1610612749.0,Milwaukee,Bucks,MIL,5,203099,Jared Cunningham,1610612737.0,Atlanta,Hawks,ATL,1,0,,,,,,0
0021300650,409,5,5,4,10:30 PM,7:21,Butler Foul Turnover (P2.T19),,,,,4,2406,Caron Butler,1610612749.0,Milwaukee,Bucks,MIL,0,0,,,,,,1,0,,,,,,0
0021300650,410,1,1,4,10:30 PM,7:12,,,Cunningham 17' Jump Shot (2 PTS) (Schroder 2 AST),105 - 72,-33,5,203099,Jared Cunningham,1610612737.0,Atlanta,Hawks,ATL,5,203471,Dennis Schröder,1610612737.0,Atlanta,Hawks,ATL,0,0,,,,,,0
0021300650,411,6,2,4,10:30 PM,6:47,,,Ayon S.FOUL (P3.T2),,,5,202970,Gustavo Ayon,1610612737.0,Atlanta,Hawks,ATL,4,203489,Nate Wolters,1610612749.0,Milwaukee,Bucks,MIL,1,0,,,,,,0
0021300650,412,3,11,4,10:31 PM,6:47,MISS Wolters Free Throw 1 of 2,,,,,4,203489,Nate Wolters,1610612749.0,Milwaukee,Bucks,MIL,0,0,,,,,,0,0,,,,,,0
0021300650,413,4,1,4,10:31 PM,6:47,BUCKS Rebound,,,,,2,1610612749,,,,,,0,0,,,,,,0,0,,,,,,0
0021300650,414,8,0,4,10:31 PM,6:47,SUB: Raduljica FOR Henson,,,,,4,203089,John Henson,1610612749.0,Milwaukee,Bucks,MIL,4,203545,Miroslav Raduljica,1610612749.0,Milwaukee,Bucks,MIL,0,0,,,,,,0
0021300650,417,3,12,4,10:32 PM,6:47,Wolters Free Throw 2 of 2 (4 PTS),,,105 - 73,-32,4,203489,Nate Wolters,1610612749.0,Milwaukee,Bucks,MIL,0,0,,,,,,0,0,,,,,,0
0021300650,419,5,1,4,10:32 PM,6:40,,,Schroder Bad Pass Turnover (P1.T9),,,5,203471,Dennis Schröder,1610612737.0,Atlanta,Hawks,ATL,0,0,,,,,,0,0,,,,,,0
0021300650,420,8,0,4,10:32 PM,6:40,SUB: Middleton FOR Butler,,,,,4,2406,Caron Butler,1610612749.0,Milwaukee,Bucks,MIL,4,203114,Khris Middleton,1610612749.0,Milwaukee,Bucks,MIL,0,0,,,,,,0
0021300650,421,1,1,4,10:33 PM,6:19,Knight 26' 3PT Jump Shot (24 PTS) (Wolters 3 AST),,,105 - 76,-29,4,202688,Brandon Knight,1610612749.0,Milwaukee,Bucks,MIL,4,203489,Nate Wolters,1610612749.0,Milwaukee,Bucks,MIL,0,0,,,,,,0
0021300650,422,6,2,4,10:33 PM,6:02,Middleton S.FOUL (P4.PN),,,,,4,203114,Khris Middleton,1610612749.0,Milwaukee,Bucks,MIL,5,203118,Mike Scott,1610612737.0,Atlanta,Hawks,ATL,1,0,,,,,,0
0021300650,423,3,11,4,10:33 PM,6:02,,,Scott Free Throw 1 of 2 (11 PTS),106 - 76,-30,5,203118,Mike Scott,1610612737.0,Atlanta,Hawks,ATL,0,0,,,,,,0,0,,,,,,0
0021300650,425,3,12,4,10:33 PM,6:02,,,Scott Free Throw 2 of 2 (12 PTS),107 - 76,-31,5,203118,Mike Scott,1610612737.0,Atlanta,Hawks,ATL,0,0,,,,,,0,0,,,,,,0
0021300650,427,2,1,4,10:34 PM,5:48,MISS Antetokounmpo 25' 3PT Jump Shot,,,,,4,203507,Giannis Antetokounmpo,1610612749.0,Milwaukee,Bucks,MIL,0,0,,,,,,0,0,,,,,,0
0021300650,428,4,0,4,10:34 PM,5:47,Middleton REBOUND (Off:1 Def:0),,,,,4,203114,Khris Middleton,1610612749.0,Milwaukee,Bucks,MIL,0,0,,,,,,0,0,,,,,,0
0021300650,429,6,1,4,10:34 PM,5:42,,,Cunningham P.FOUL (P1.T3),,,5,203099,Jared Cunningham,1610612737.0,Atlanta,Hawks,ATL,4,202688,Brandon Knight,1610612749.0,Milwaukee,Bucks,MIL,1,0,,,,,,0
0021300650,430,9,1,4,10:34 PM,5:42,BUCKS Timeout: Regular (Full 4 Short 0),,,,,2,1610612749,,,,,,0,0,,,,,,0,0,,,,,,0
0021300650,432,5,11,4,10:37 PM,5:24,BUCKS Turnover: Shot Clock (T#20),,,,,2,1610612749,,,,,,0,0,,,,,,1,0,,,,,,0
0021300650,433,5,1,4,10:37 PM,5:19,Knight STEAL (1 STL),,Schroder Bad Pass Turnover (P2.T10),,,5,203471,Dennis Schröder,1610612737.0,Atlanta,Hawks,ATL,4,202688,Brandon Knight,1610612749.0,Milwaukee,Bucks,MIL,0,0,,,,,,0
0021300650,434,2,5,4,10:37 PM,5:16,MISS Knight 1' Layup,,,,,4,202688,Brandon Knight,1610612749.0,Milwaukee,Bucks,MIL,0,0,,,,,,0,0,,,,,,0
0021300650,435,4,0,4,10:37 PM,5:14,Wolters REBOUND (Off:1 Def:0),,,,,4,203489,Nate Wolters,1610612749.0,Milwaukee,Bucks,MIL,0,0,,,,,,0,0,,,,,,0
0021300650,436,2,1,4,10:38 PM,5:01,MISS Middleton 26' 3PT Jump Shot,,,,,4,203114,Khris Middleton,1610612749.0,Milwaukee,Bucks,MIL,0,0,,,,,,0,0,,,,,,0
0021300650,437,4,0,4,10:38 PM,5:01,,,Hawks Rebound,,,3,1610612737,,,,,,0,0,,,,,,0,0,,,,,,0
0021300650,438,1,1,4,10:38 PM,4:48,,,Nunnally 24' 3PT Jump Shot (3 PTS) (Cunningham 1 AST),110 - 76,-34,5,203263,James Nunnally,1610612737.0,Atlanta,Hawks,ATL,5,203099,Jared Cunningham,1610612737.0,Atlanta,Hawks,ATL,0,0,,,,,,0
0021300650,439,6,1,4,10:38 PM,4:37,,,Ayon P.FOUL (P4.T4),,,5,202970,Gustavo Ayon,1610612737.0,Atlanta,Hawks,ATL,4,203545,Miroslav Raduljica,1610612749.0,Milwaukee,Bucks,MIL,1,0,,,,,,0
0021300650,440,1,1,4,10:39 PM,4:29,Knight 24' 3PT Jump Shot (27 PTS) (Wolters 4 AST),,,110 - 79,-31,4,202688,Brandon Knight,1610612749.0,Milwaukee,Bucks,MIL,4,203489,Nate Wolters,1610612749.0,Milwaukee,Bucks,MIL,0,0,,,,,,0
0021300650,441,2,1,4,10:39 PM,4:18,,,MISS Cunningham 24' 3PT Jump Shot,,,5,203099,Jared Cunningham,1610612737.0,Atlanta,Hawks,ATL,0,0,,,,,,0,0,,,,,,0
0021300650,442,4,0,4,10:39 PM,4:17,Antetokounmpo REBOUND (Off:0 Def:2),,,,,4,203507,Giannis Antetokounmpo,1610612749.0,Milwaukee,Bucks,MIL,0,0,,,,,,0,0,,,,,,0
0021300650,443,1,7,4,10:39 PM,4:13,Antetokounmpo 1' Dunk (5 PTS),,,110 - 81,-29,4,203507,Giannis Antetokounmpo,1610612749.0,Milwaukee,Bucks,MIL,0,0,,,,,,0,0,,,,,,0
0021300650,444,6,2,4,10:39 PM,3:56,Raduljica S.FOUL (P1.PN),,,,,4,203545,Miroslav Raduljica,1610612749.0,Milwaukee,Bucks,MIL,5,202970,Gustavo Ayon,1610612737.0,Atlanta,Hawks,ATL,1,0,,,,,,0
0021300650,445,3,11,4,10:40 PM,3:56,,,MISS Ayon Free Throw 1 of 2,,,5,202970,Gustavo Ayon,1610612737.0,Atlanta,Hawks,ATL,0,0,,,,,,0,0,,,,,,0
0021300650,446,4,1,4,10:40 PM,3:56,,,Hawks Rebound,,,3,1610612737,,,,,,0,0,,,,,,0,0,,,,,,0
0021300650,447,3,12,4,10:40 PM,3:56,,,MISS Ayon Free Throw 2 of 2,,,5,202970,Gustavo Ayon,1610612737.0,Atlanta,Hawks,ATL,0,0,,,,,,0,0,,,,,,0
0021300650,449,4,0,4,10:40 PM,3:55,Knight REBOUND (Off:0 Def:2),,,,,4,202688,Brandon Knight,1610612749.0,Milwaukee,Bucks,MIL,0,0,,,,,,0,0,,,,,,0
0021300650,450,2,1,4,10:40 PM,3:42,MISS Wolters 5' Jump Shot,,,,,4,203489,Nate Wolters,1610612749.0,Milwaukee,Bucks,MIL,0,0,,,,,,0,0,,,,,,0
0021300650,451,4,0,4,10:40 PM,3:42,,,Hawks Rebound,,,3,1610612737,,,,,,0,0,,,,,,0,0,,,,,,0
0021300650,452,6,4,4,10:41 PM,3:23,,,Cunningham OFF.Foul (P2),,,5,203099,Jared Cunningham,1610612737.0,Atlanta,Hawks,ATL,4,202688,Brandon Knight,1610612749.0,Milwaukee,Bucks,MIL,1,0,,,,,,0
0021300650,459,5,37,4,10:41 PM,3:23,,,Cunningham Offensive Foul Turnover (P1.T11),,,5,203099,Jared Cunningham,1610612737.0,Atlanta,Hawks,ATL,0,0,,,,,,1,0,,,,,,0
0021300650,461,2,45,4,10:41 PM,3:12,MISS Knight 18' Jump Shot,,,,,4,202688,Brandon Knight,1610612749.0,Milwaukee,Bucks,MIL,0,0,,,,,,0,0,,,,,,0
0021300650,454,4,0,4,10:41 PM,3:10,Raduljica REBOUND (Off:1 Def:0),,,,,4,203545,Miroslav Raduljica,1610612749.0,Milwaukee,Bucks,MIL,0,0,,,,,,0,0,,,,,,0
0021300650,455,1,1,4,10:41 PM,3:06,Wolters 13' Jump Shot (6 PTS) (Raduljica 1 AST),,,110 - 83,-27,4,203489,Nate Wolters,1610612749.0,Milwaukee,Bucks,MIL,4,203545,Miroslav Raduljica,1610612749.0,Milwaukee,Bucks,MIL,0,0,,,,,,0
0021300650,456,2,1,4,10:41 PM,2:49,,,MISS Scott 14' Jump Shot,,,5,203118,Mike Scott,1610612737.0,Atlanta,Hawks,ATL,0,0,,,,,,0,0,,,,,,0
0021300650,457,4,0,4,10:41 PM,2:49,BUCKS Rebound,,,,,2,1610612749,,,,,,0,0,,,,,,0,0,,,,,,0
0021300650,458,9,1,4,10:42 PM,2:49,,,Hawks Timeout: Regular (Reg.4 Short 0),,,3,1610612737,,,,,,0,0,,,,,,0,0,,,,,,0
0021300650,462,2,1,4,10:44 PM,2:31,MISS Antetokounmpo 19' Jump Shot,,,,,4,203507,Giannis Antetokounmpo,1610612749.0,Milwaukee,Bucks,MIL,0,0,,,,,,0,0,,,,,,0
0021300650,463,4,0,4,10:44 PM,2:29,,,Scott REBOUND (Off:0 Def:3),,,5,203118,Mike Scott,1610612737.0,Atlanta,Hawks,ATL,0,0,,,,,,0,0,,,,,,0
0021300650,464,5,1,4,10:45 PM,2:17,,,Scott Bad Pass Turnover (P2.T12),,,5,203118,Mike Scott,1610612737.0,Atlanta,Hawks,ATL,0,0,,,,,,0,0,,,,,,0
0021300650,465,2,1,4,10:45 PM,2:04,MISS Middleton 26' 3PT Jump Shot,,,,,4,203114,Khris Middleton,1610612749.0,Milwaukee,Bucks,MIL,0,0,,,,,,0,0,,,,,,0
0021300650,466,4,0,4,10:45 PM,2:03,,,Nunnally REBOUND (Off:1 Def:2),,,5,203263,James Nunnally,1610612737.0,Atlanta,Hawks,ATL,0,0,,,,,,0,0,,,,,,0
0021300650,467,2,1,4,10:45 PM,1:53,,,MISS Schroder 24' 3PT Jump Shot,,,5,203471,Dennis Schröder,1610612737.0,Atlanta,Hawks,ATL,0,0,,,,,,0,0,,,,,,0
0021300650,468,4,0,4,10:45 PM,1:51,Knight REBOUND (Off:0 Def:3),,,,,4,202688,Brandon Knight,1610612749.0,Milwaukee,Bucks,MIL,0,0,,,,,,0,0,,,,,,0
0021300650,469,1,5,4,10:45 PM,1:50,Wolters  Layup (8 PTS) (Knight 5 AST),,,110 - 85,-25,4,203489,Nate Wolters,1610612749.0,Milwaukee,Bucks,MIL,4,202688,Brandon Knight,1610612749.0,Milwaukee,Bucks,MIL,0,0,,,,,,0
0021300650,470,2,1,4,10:45 PM,1:34,,,MISS Nunnally 26' 3PT Jump Shot,,,5,203263,James Nunnally,1610612737.0,Atlanta,Hawks,ATL,0,0,,,,,,0,0,,,,,,0
0021300650,471,4,0,4,10:45 PM,1:33,Knight REBOUND (Off:0 Def:4),,,,,4,202688,Brandon Knight,1610612749.0,Milwaukee,Bucks,MIL,0,0,,,,,,0,0,,,,,,0
0021300650,472,2,3,4,10:46 PM,1:22,MISS Raduljica 4' Hook Shot,,,,,4,203545,Miroslav Raduljica,1610612749.0,Milwaukee,Bucks,MIL,0,0,,,,,,0,0,,,,,,0
0021300650,473,4,0,4,10:46 PM,1:20,,,Ayon REBOUND (Off:0 Def:4),,,5,202970,Gustavo Ayon,1610612737.0,Atlanta,Hawks,ATL,0,0,,,,,,0,0,,,,,,0
0021300650,474,1,1,4,10:46 PM,1:10,,,Scott 5' Jump Shot (14 PTS) (Ayon 2 AST),112 - 85,-27,5,203118,Mike Scott,1610612737.0,Atlanta,Hawks,ATL,5,202970,Gustavo Ayon,1610612737.0,Atlanta,Hawks,ATL,0,0,,,,,,0
0021300650,475,1,5,4,10:46 PM,0:57,Middleton  Layup (11 PTS) (Wolters 5 AST),,,112 - 87,-25,4,203114,Khris Middleton,1610612749.0,Milwaukee,Bucks,MIL,4,203489,Nate Wolters,1610612749.0,Milwaukee,Bucks,MIL,0,0,,,,,,0
0021300650,476,6,4,4,10:46 PM,0:35,,,Ayon OFF.Foul (P5),,,5,202970,Gustavo Ayon,1610612737.0,Atlanta,Hawks,ATL,4,203545,Miroslav Raduljica,1610612749.0,Milwaukee,Bucks,MIL,1,0,,,,,,0
0021300650,477,5,5,4,10:46 PM,0:35,,,Ayon Foul Turnover (P3.T13),,,5,202970,Gustavo Ayon,1610612737.0,Atlanta,Hawks,ATL,0,0,,,,,,1,0,,,,,,0
0021300650,478,2,1,4,10:47 PM,0:20,MISS Antetokounmpo 26' 3PT Jump Shot,,,,,4,203507,Giannis Antetokounmpo,1610612749.0,Milwaukee,Bucks,MIL,0,0,,,,,,0,0,,,,,,0
0021300650,479,4,0,4,10:47 PM,0:19,,,Scott REBOUND (Off:0 Def:4),,,5,203118,Mike Scott,1610612737.0,Atlanta,Hawks,ATL,0,0,,,,,,0,0,,,,,,0
0021300650,480,13,0,4,10:47 PM,0:00,,,,112 - 87,-25,0,0,,,,,,0,0,,,,,,0,0,,,,,,0
