GAME_ID,EVENTNUM,EVENTMSGTYPE,EVENTMSGACTIONTYPE,PERIOD,WCTIMESTRING,PCTIMESTRING,HOMEDESCRIPTION,NEUTRALDESCRIPTION,VISITORDESCRIPTION,SCORE,SCOREMARGIN,PERSON1TYPE,PLAYER1_ID,PLAYER1_NAME,PLAYER1_TEAM_ID,PLAYER1_TEAM_CITY,PLAYER1_TEAM_NICKNAME,PLAYER1_TEAM_ABBREVIATION,PERSON2TYPE,PLAYER2_ID,PLAYER2_NAME,PLAYER2_TEAM_ID,PLAYER2_TEAM_CITY,PLAYER2_TEAM_NICKNAME,PLAYER2_TEAM_ABBREVIATION,PERSON3TYPE,PLAYER3_ID,PLAYER3_NAME,PLAYER3_TEAM_ID,PLAYER3_TEAM_CITY,PLAYER3_TEAM_NICKNAME,PLAYER3_TEAM_ABBREVIATION,VIDEO_AVAILABLE_FLAG
0021400407,0,12,0,1,7:10 PM,12:00,,,,,,0,0,,,,,,0,0,,,,,,0,0,,,,,,0
0021400407,1,10,0,1,7:10 PM,12:00,Jump Ball Dieng vs. Hibbert: Tip to LaVine,,,,,4,203476,Gorgui Dieng,1610612750.0,Minnesota,Timberwolves,MIN,5,201579,Roy Hibbert,1610612754.0,Indiana,Pacers,IND,4,203897,Zach LaVine,1610612750.0,Minnesota,Timberwolves,MIN,1
0021400407,2,2,42,1,7:11 PM,11:37,MISS Wiggins 1' Driving Layup,,Hibbert BLOCK (1 BLK),,,4,203952,Andrew Wiggins,1610612750.0,Minnesota,Timberwolves,MIN,0,0,,,,,,5,201579,Roy Hibbert,1610612754.0,Indiana,Pacers,IND,1
0021400407,3,4,0,1,7:11 PM,11:36,,,West REBOUND (Off:0 Def:1),,,5,2561,David West,1610612754.0,Indiana,Pacers,IND,0,0,,,,,,0,0,,,,,,1
0021400407,4,5,1,1,7:11 PM,11:22,Wiggins STEAL (1 STL),,S. Hill Bad Pass Turnover (P1.T1),,,5,203524,Solomon Hill,1610612754.0,Indiana,Pacers,IND,4,203952,Andrew Wiggins,1610612750.0,Minnesota,Timberwolves,MIN,0,0,,,,,,1
0021400407,6,6,2,1,7:11 PM,11:11,,,S. Hill S.FOUL (P1.T1),,,5,203524,Solomon Hill,1610612754.0,Indiana,Pacers,IND,4,203498,Shabazz Muhammad,1610612750.0,Minnesota,Timberwolves,MIN,1,0,,,,,,1
0021400407,7,3,11,1,7:11 PM,11:11,MISS Muhammad Free Throw 1 of 2,,,,,4,203498,Shabazz Muhammad,1610612750.0,Minnesota,Timberwolves,MIN,0,0,,,,,,0,0,,,,,,0
0021400407,8,4,1,1,7:11 PM,11:11,TIMBERWOLVES Rebound,,,,,2,1610612750,,,,,,0,0,,,,,,0,0,,,,,,0
0021400407,9,3,12,1,7:12 PM,11:11,Muhammad Free Throw 2 of 2 (1 PTS),,,0 - 1,1,4,203498,Shabazz Muhammad,1610612750.0,Minnesota,Timberwolves,MIN,0,0,,,,,,0,0,,,,,,0
0021400407,11,5,1,1,7:12 PM,11:02,Muhammad STEAL (1 STL),,S. Hill Bad Pass Turnover (P2.T2),,,5,203524,Solomon Hill,1610612754.0,Indiana,Pacers,IND,4,203498,Shabazz Muhammad,1610612750.0,Minnesota,Timberwolves,MIN,0,0,,,,,,1
0021400407,12,6,4,1,7:12 PM,10:54,Dieng OFF.Foul (P1),,,,,4,203476,Gorgui Dieng,1610612750.0,Minnesota,Timberwolves,MIN,5,201155,Rodney Stuckey,1610612754.0,Indiana,Pacers,IND,1,0,,,,,,1
0021400407,13,5,5,1,7:12 PM,10:54,Dieng Foul Turnover (P1.T1),,,,,4,203476,Gorgui Dieng,1610612750.0,Minnesota,Timberwolves,MIN,0,0,,,,,,1,0,,,,,,1
0021400407,14,2,42,1,7:13 PM,10:41,,,MISS Hibbert 2' Driving Layup,,,5,201579,Roy Hibbert,1610612754.0,Indiana,Pacers,IND,0,0,,,,,,0,0,,,,,,1
0021400407,15,4,0,1,7:13 PM,10:40,Wiggins REBOUND (Off:0 Def:1),,,,,4,203952,Andrew Wiggins,1610612750.0,Minnesota,Timberwolves,MIN,0,0,,,,,,0,0,,,,,,1
0021400407,16,6,2,1,7:13 PM,10:37,,,Stuckey S.FOUL (P1.T2),,,5,201155,Rodney Stuckey,1610612754.0,Indiana,Pacers,IND,4,203476,Gorgui Dieng,1610612750.0,Minnesota,Timberwolves,MIN,1,0,,,,,,1
0021400407,17,3,11,1,7:13 PM,10:37,Dieng Free Throw 1 of 2 (1 PTS),,,0 - 2,2,4,203476,Gorgui Dieng,1610612750.0,Minnesota,Timberwolves,MIN,0,0,,,,,,0,0,,,,,,0
0021400407,19,3,12,1,7:13 PM,10:37,Dieng Free Throw 2 of 2 (2 PTS),,,0 - 3,3,4,203476,Gorgui Dieng,1610612750.0,Minnesota,Timberwolves,MIN,0,0,,,,,,0,0,,,,,,0
0021400407,22,1,1,1,7:14 PM,10:13,,,Stuckey 19' Jump Shot (2 PTS),2 - 3,1,5,201155,Rodney Stuckey,1610612754.0,Indiana,Pacers,IND,0,0,,,,,,0,0,,,,,,1
0021400407,24,2,1,1,7:15 PM,9:44,MISS Young 21' Jump Shot,,,,,4,201152,Thaddeus Young,1610612750.0,Minnesota,Timberwolves,MIN,0,0,,,,,,0,0,,,,,,1
0021400407,25,4,0,1,7:15 PM,9:43,Dieng REBOUND (Off:1 Def:0),,,,,4,203476,Gorgui Dieng,1610612750.0,Minnesota,Timberwolves,MIN,0,0,,,,,,0,0,,,,,,1
0021400407,26,2,5,1,7:15 PM,9:41,MISS Dieng 2' Layup,,Hibbert BLOCK (2 BLK),,,4,203476,Gorgui Dieng,1610612750.0,Minnesota,Timberwolves,MIN,0,0,,,,,,5,201579,Roy Hibbert,1610612754.0,Indiana,Pacers,IND,1
0021400407,27,4,0,1,7:15 PM,9:39,,,Stuckey REBOUND (Off:0 Def:1),,,5,201155,Rodney Stuckey,1610612754.0,Indiana,Pacers,IND,0,0,,,,,,0,0,,,,,,1
0021400407,28,1,1,1,7:15 PM,9:29,,,West 21' Jump Shot (2 PTS) (Hibbert 1 AST),4 - 3,-1,5,2561,David West,1610612754.0,Indiana,Pacers,IND,5,201579,Roy Hibbert,1610612754.0,Indiana,Pacers,IND,0,0,,,,,,1
0021400407,29,2,1,1,7:15 PM,9:07,MISS Wiggins 17' Jump Shot,,,,,4,203952,Andrew Wiggins,1610612750.0,Minnesota,Timberwolves,MIN,0,0,,,,,,0,0,,,,,,1
0021400407,30,4,0,1,7:15 PM,9:05,,,Watson REBOUND (Off:0 Def:1),,,5,201228,C.J. Watson,1610612754.0,Indiana,Pacers,IND,0,0,,,,,,0,0,,,,,,1
0021400407,31,2,1,1,7:16 PM,8:54,,,MISS Watson 13' Jump Shot,,,5,201228,C.J. Watson,1610612754.0,Indiana,Pacers,IND,0,0,,,,,,0,0,,,,,,1
0021400407,32,4,0,1,7:16 PM,8:53,Young REBOUND (Off:0 Def:1),,,,,4,201152,Thaddeus Young,1610612750.0,Minnesota,Timberwolves,MIN,0,0,,,,,,0,0,,,,,,1
0021400407,33,5,1,1,7:16 PM,8:47,Young Bad Pass Turnover (P1.T2),,S. Hill STEAL (1 STL),,,4,201152,Thaddeus Young,1610612750.0,Minnesota,Timberwolves,MIN,5,203524,Solomon Hill,1610612754.0,Indiana,Pacers,IND,0,0,,,,,,1
0021400407,34,1,42,1,7:16 PM,8:40,,,Stuckey 1' Driving Layup (4 PTS),6 - 3,-3,5,201155,Rodney Stuckey,1610612754.0,Indiana,Pacers,IND,0,0,,,,,,0,0,,,,,,1
0021400407,35,2,1,1,7:16 PM,8:23,MISS LaVine 20' Jump Shot,,,,,4,203897,Zach LaVine,1610612750.0,Minnesota,Timberwolves,MIN,0,0,,,,,,0,0,,,,,,1
0021400407,36,4,0,1,7:16 PM,8:22,,,S. Hill REBOUND (Off:0 Def:1),,,5,203524,Solomon Hill,1610612754.0,Indiana,Pacers,IND,0,0,,,,,,0,0,,,,,,1
0021400407,37,1,1,1,7:16 PM,8:09,,,Hibbert 4' Jump Shot (2 PTS) (S. Hill 1 AST),8 - 3,-5,5,201579,Roy Hibbert,1610612754.0,Indiana,Pacers,IND,5,203524,Solomon Hill,1610612754.0,Indiana,Pacers,IND,0,0,,,,,,1
0021400407,38,1,66,1,7:17 PM,7:49,Dieng 16' Jump Bank Shot (4 PTS) (Wiggins 1 AST),,,8 - 5,-3,4,203476,Gorgui Dieng,1610612750.0,Minnesota,Timberwolves,MIN,4,203952,Andrew Wiggins,1610612750.0,Minnesota,Timberwolves,MIN,0,0,,,,,,1
0021400407,39,2,1,1,7:17 PM,7:24,,,MISS S. Hill 25' 3PT Jump Shot,,,5,203524,Solomon Hill,1610612754.0,Indiana,Pacers,IND,0,0,,,,,,0,0,,,,,,1
0021400407,40,4,0,1,7:17 PM,7:23,Wiggins REBOUND (Off:0 Def:2),,,,,4,203952,Andrew Wiggins,1610612750.0,Minnesota,Timberwolves,MIN,0,0,,,,,,0,0,,,,,,1
0021400407,41,6,26,1,7:17 PM,7:20,Young Offensive Charge Foul (P1.T1),,,,,4,201152,Thaddeus Young,1610612750.0,Minnesota,Timberwolves,MIN,5,201228,C.J. Watson,1610612754.0,Indiana,Pacers,IND,1,0,,,,,,1
0021400407,42,5,5,1,7:17 PM,7:20,Young Foul Turnover (P2.T3),,,,,4,201152,Thaddeus Young,1610612750.0,Minnesota,Timberwolves,MIN,0,0,,,,,,0,0,,,,,,1
0021400407,43,2,46,1,7:18 PM,7:09,,,MISS Watson 8' Running Jump Shot,,,5,201228,C.J. Watson,1610612754.0,Indiana,Pacers,IND,0,0,,,,,,0,0,,,,,,1
0021400407,44,4,0,1,7:18 PM,7:08,Dieng REBOUND (Off:1 Def:1),,,,,4,203476,Gorgui Dieng,1610612750.0,Minnesota,Timberwolves,MIN,0,0,,,,,,0,0,,,,,,1
0021400407,45,6,1,1,7:18 PM,7:07,,,Stuckey P.FOUL (P2.T3),,,5,201155,Rodney Stuckey,1610612754.0,Indiana,Pacers,IND,4,203952,Andrew Wiggins,1610612750.0,Minnesota,Timberwolves,MIN,1,0,,,,,,1
0021400407,46,8,0,1,7:18 PM,7:07,,,SUB: Miles FOR Stuckey,,,5,201155,Rodney Stuckey,1610612754.0,Indiana,Pacers,IND,5,101139,CJ Miles,1610612754.0,Indiana,Pacers,IND,0,0,,,,,,0
0021400407,47,2,1,1,7:18 PM,6:55,MISS Muhammad 24' 3PT Jump Shot,,,,,4,203498,Shabazz Muhammad,1610612750.0,Minnesota,Timberwolves,MIN,0,0,,,,,,0,0,,,,,,1
0021400407,48,4,0,1,7:18 PM,6:54,,,Watson REBOUND (Off:0 Def:2),,,5,201228,C.J. Watson,1610612754.0,Indiana,Pacers,IND,0,0,,,,,,0,0,,,,,,1
0021400407,49,1,1,1,7:19 PM,6:41,,,Hibbert 18' Jump Shot (4 PTS) (Watson 1 AST),10 - 5,-5,5,201579,Roy Hibbert,1610612754.0,Indiana,Pacers,IND,5,201228,C.J. Watson,1610612754.0,Indiana,Pacers,IND,0,0,,,,,,1
0021400407,50,2,47,1,7:19 PM,6:22,MISS Muhammad 14' Turnaround Jump Shot,,,,,4,203498,Shabazz Muhammad,1610612750.0,Minnesota,Timberwolves,MIN,0,0,,,,,,0,0,,,,,,1
0021400407,51,4,0,1,7:19 PM,6:21,,,Hibbert REBOUND (Off:0 Def:1),,,5,201579,Roy Hibbert,1610612754.0,Indiana,Pacers,IND,0,0,,,,,,0,0,,,,,,1
0021400407,52,5,2,1,7:19 PM,6:07,Young STEAL (1 STL),,Hibbert Lost Ball Turnover (P1.T3),,,5,201579,Roy Hibbert,1610612754.0,Indiana,Pacers,IND,4,201152,Thaddeus Young,1610612750.0,Minnesota,Timberwolves,MIN,0,0,,,,,,1
0021400407,53,2,1,1,7:19 PM,6:00,MISS Muhammad 6' Jump Shot,,,,,4,203498,Shabazz Muhammad,1610612750.0,Minnesota,Timberwolves,MIN,0,0,,,,,,0,0,,,,,,1
0021400407,54,4,0,1,7:19 PM,5:59,,,Hibbert REBOUND (Off:0 Def:2),,,5,201579,Roy Hibbert,1610612754.0,Indiana,Pacers,IND,0,0,,,,,,0,0,,,,,,1
0021400407,55,1,1,1,7:20 PM,5:35,,,Hibbert 16' Jump Shot (6 PTS) (West 1 AST),12 - 5,-7,5,201579,Roy Hibbert,1610612754.0,Indiana,Pacers,IND,5,2561,David West,1610612754.0,Indiana,Pacers,IND,0,0,,,,,,1
0021400407,56,9,1,1,7:20 PM,5:35,TIMBERWOLVES Timeout: Regular (Full 1 Short 0),,,,,2,1610612750,,,,,,0,0,,,,,,0,0,,,,,,0
0021400407,58,8,0,1,7:22 PM,5:35,SUB: Williams FOR LaVine,,,,,4,203897,Zach LaVine,1610612750.0,Minnesota,Timberwolves,MIN,4,2590,Mo Williams,1610612750.0,Minnesota,Timberwolves,MIN,0,0,,,,,,0
0021400407,59,8,0,1,7:22 PM,5:35,SUB: Budinger FOR Muhammad,,,,,4,203498,Shabazz Muhammad,1610612750.0,Minnesota,Timberwolves,MIN,4,201978,Chase Budinger,1610612750.0,Minnesota,Timberwolves,MIN,0,0,,,,,,0
0021400407,60,8,0,1,7:22 PM,5:35,,,SUB: Allen FOR West,,,5,2561,David West,1610612754.0,Indiana,Pacers,IND,5,202730,Lavoy Allen,1610612754.0,Indiana,Pacers,IND,0,0,,,,,,0
0021400407,61,2,1,1,7:23 PM,5:16,MISS Williams 19' Jump Shot,,,,,4,2590,Mo Williams,1610612750.0,Minnesota,Timberwolves,MIN,0,0,,,,,,0,0,,,,,,1
0021400407,62,4,0,1,7:23 PM,5:15,,,Miles REBOUND (Off:0 Def:1),,,5,101139,CJ Miles,1610612754.0,Indiana,Pacers,IND,0,0,,,,,,0,0,,,,,,1
0021400407,63,2,1,1,7:23 PM,4:58,,,MISS Miles 26' 3PT Jump Shot,,,5,101139,CJ Miles,1610612754.0,Indiana,Pacers,IND,0,0,,,,,,0,0,,,,,,1
0021400407,64,4,0,1,7:23 PM,4:57,TIMBERWOLVES Rebound,,,,,2,1610612750,,,,,,0,0,,,,,,0,0,,,,,,0
0021400407,65,2,5,1,7:23 PM,4:44,MISS Budinger  Layup,,,,,4,201978,Chase Budinger,1610612750.0,Minnesota,Timberwolves,MIN,0,0,,,,,,0,0,,,,,,1
0021400407,66,4,0,1,7:23 PM,4:42,,,Miles REBOUND (Off:0 Def:2),,,5,101139,CJ Miles,1610612754.0,Indiana,Pacers,IND,0,0,,,,,,0,0,,,,,,1
0021400407,67,5,4,1,7:23 PM,4:30,,,S. Hill Traveling Turnover (P3.T4),,,5,203524,Solomon Hill,1610612754.0,Indiana,Pacers,IND,0,0,,,,,,1,0,,,,,,1
0021400407,68,2,1,1,7:24 PM,4:12,MISS Wiggins 17' Jump Shot,,,,,4,203952,Andrew Wiggins,1610612750.0,Minnesota,Timberwolves,MIN,0,0,,,,,,0,0,,,,,,1
0021400407,69,4,0,1,7:24 PM,4:11,,,Miles REBOUND (Off:0 Def:3),,,5,101139,CJ Miles,1610612754.0,Indiana,Pacers,IND,0,0,,,,,,0,0,,,,,,1
0021400407,70,2,1,1,7:24 PM,4:00,,,MISS S. Hill 20' Jump Shot,,,5,203524,Solomon Hill,1610612754.0,Indiana,Pacers,IND,0,0,,,,,,0,0,,,,,,1
0021400407,71,4,0,1,7:24 PM,3:59,Budinger REBOUND (Off:0 Def:1),,,,,4,201978,Chase Budinger,1610612750.0,Minnesota,Timberwolves,MIN,0,0,,,,,,0,0,,,,,,1
0021400407,72,2,1,1,7:24 PM,3:53,MISS Wiggins 13' Jump Shot,,,,,4,203952,Andrew Wiggins,1610612750.0,Minnesota,Timberwolves,MIN,0,0,,,,,,0,0,,,,,,1
0021400407,73,4,0,1,7:24 PM,3:52,,,Miles REBOUND (Off:0 Def:4),,,5,101139,CJ Miles,1610612754.0,Indiana,Pacers,IND,0,0,,,,,,0,0,,,,,,1
0021400407,74,1,3,1,7:25 PM,3:36,,,Hibbert  Hook Shot (8 PTS) (Allen 1 AST),14 - 5,-9,5,201579,Roy Hibbert,1610612754.0,Indiana,Pacers,IND,5,202730,Lavoy Allen,1610612754.0,Indiana,Pacers,IND,0,0,,,,,,1
0021400407,75,2,41,1,7:25 PM,3:16,MISS Young 2' Running Layup,,Hibbert BLOCK (3 BLK),,,4,201152,Thaddeus Young,1610612750.0,Minnesota,Timberwolves,MIN,0,0,,,,,,5,201579,Roy Hibbert,1610612754.0,Indiana,Pacers,IND,1
0021400407,76,4,0,1,7:25 PM,3:15,,,Hibbert REBOUND (Off:0 Def:3),,,5,201579,Roy Hibbert,1610612754.0,Indiana,Pacers,IND,0,0,,,,,,0,0,,,,,,1
0021400407,77,2,1,1,7:25 PM,3:08,,,MISS Watson 25' 3PT Jump Shot,,,5,201228,C.J. Watson,1610612754.0,Indiana,Pacers,IND,0,0,,,,,,0,0,,,,,,1
0021400407,78,4,0,1,7:25 PM,3:07,Budinger REBOUND (Off:0 Def:2),,,,,4,201978,Chase Budinger,1610612750.0,Minnesota,Timberwolves,MIN,0,0,,,,,,0,0,,,,,,1
0021400407,79,1,1,1,7:25 PM,2:54,Williams 19' Jump Shot (2 PTS),,,14 - 7,-7,4,2590,Mo Williams,1610612750.0,Minnesota,Timberwolves,MIN,0,0,,,,,,0,0,,,,,,1
0021400407,80,9,1,1,7:25 PM,2:43,,,Pacers Timeout: Regular (Reg.1 Short 0),,,3,1610612754,,,,,,0,0,,,,,,0,0,,,,,,0
0021400407,82,8,0,1,7:28 PM,2:43,SUB: Muhammad FOR Wiggins,,,,,4,203952,Andrew Wiggins,1610612750.0,Minnesota,Timberwolves,MIN,4,203498,Shabazz Muhammad,1610612750.0,Minnesota,Timberwolves,MIN,0,0,,,,,,0
0021400407,83,8,0,1,7:28 PM,2:43,,,SUB: Rudez FOR S. Hill,,,5,203524,Solomon Hill,1610612754.0,Indiana,Pacers,IND,5,204014,Damjan Rudez,1610612754.0,Indiana,Pacers,IND,0,0,,,,,,0
0021400407,84,2,1,1,7:28 PM,2:32,,,MISS Hibbert 16' Jump Shot,,,5,201579,Roy Hibbert,1610612754.0,Indiana,Pacers,IND,0,0,,,,,,0,0,,,,,,1
0021400407,85,4,0,1,7:28 PM,2:30,,,Allen REBOUND (Off:1 Def:0),,,5,202730,Lavoy Allen,1610612754.0,Indiana,Pacers,IND,0,0,,,,,,0,0,,,,,,1
0021400407,86,1,1,1,7:28 PM,2:26,,,Miles 24' 3PT Jump Shot (3 PTS) (Allen 2 AST),17 - 7,-10,5,101139,CJ Miles,1610612754.0,Indiana,Pacers,IND,5,202730,Lavoy Allen,1610612754.0,Indiana,Pacers,IND,0,0,,,,,,1
0021400407,87,1,79,1,7:28 PM,2:13,Williams 19' Pullup Jump Shot (4 PTS),,,17 - 9,-8,4,2590,Mo Williams,1610612750.0,Minnesota,Timberwolves,MIN,0,0,,,,,,0,0,,,,,,1
0021400407,88,2,47,1,7:29 PM,1:54,,,MISS Allen 11' Turnaround Jump Shot,,,5,202730,Lavoy Allen,1610612754.0,Indiana,Pacers,IND,0,0,,,,,,0,0,,,,,,1
0021400407,89,4,0,1,7:29 PM,1:53,Muhammad REBOUND (Off:0 Def:1),,,,,4,203498,Shabazz Muhammad,1610612750.0,Minnesota,Timberwolves,MIN,0,0,,,,,,0,0,,,,,,1
0021400407,90,1,46,1,7:29 PM,1:44,Budinger 5' Running Jump Shot (2 PTS),,,17 - 11,-6,4,201978,Chase Budinger,1610612750.0,Minnesota,Timberwolves,MIN,0,0,,,,,,0,0,,,,,,1
0021400407,91,2,1,1,7:29 PM,1:19,,,MISS Hibbert 20' Jump Shot,,,5,201579,Roy Hibbert,1610612754.0,Indiana,Pacers,IND,0,0,,,,,,0,0,,,,,,1
0021400407,92,4,0,1,7:29 PM,1:18,Muhammad REBOUND (Off:0 Def:2),,,,,4,203498,Shabazz Muhammad,1610612750.0,Minnesota,Timberwolves,MIN,0,0,,,,,,0,0,,,,,,1
0021400407,93,1,1,1,7:30 PM,1:02,Young 19' Jump Shot (2 PTS) (Williams 1 AST),,,17 - 13,-4,4,201152,Thaddeus Young,1610612750.0,Minnesota,Timberwolves,MIN,4,2590,Mo Williams,1610612750.0,Minnesota,Timberwolves,MIN,0,0,,,,,,1
0021400407,94,2,1,1,7:30 PM,0:47,,,MISS Watson 14' Jump Shot,,,5,201228,C.J. Watson,1610612754.0,Indiana,Pacers,IND,0,0,,,,,,0,0,,,,,,1
0021400407,95,4,0,1,7:30 PM,0:46,Williams REBOUND (Off:0 Def:1),,,,,4,2590,Mo Williams,1610612750.0,Minnesota,Timberwolves,MIN,0,0,,,,,,0,0,,,,,,1
0021400407,96,1,42,1,7:30 PM,0:42,Muhammad 2' Driving Layup (3 PTS) (Williams 2 AST),,,17 - 15,-2,4,203498,Shabazz Muhammad,1610612750.0,Minnesota,Timberwolves,MIN,4,2590,Mo Williams,1610612750.0,Minnesota,Timberwolves,MIN,0,0,,,,,,1
0021400407,97,5,4,1,7:30 PM,0:29,,,Rudez Traveling Turnover (P1.T5),,,5,204014,Damjan Rudez,1610612754.0,Indiana,Pacers,IND,0,0,,,,,,1,0,,,,,,1
0021400407,98,8,0,1,7:30 PM,0:29,SUB: Bennett FOR Young,,,,,4,201152,Thaddeus Young,1610612750.0,Minnesota,Timberwolves,MIN,4,203461,Anthony Bennett,1610612750.0,Minnesota,Timberwolves,MIN,0,0,,,,,,0
0021400407,99,8,0,1,7:30 PM,0:29,,,SUB: Scola FOR Hibbert,,,5,201579,Roy Hibbert,1610612754.0,Indiana,Pacers,IND,5,2449,Luis Scola,1610612754.0,Indiana,Pacers,IND,0,0,,,,,,0
0021400407,100,8,0,1,7:31 PM,0:29,,,SUB: Sloan FOR Watson,,,5,201228,C.J. Watson,1610612754.0,Indiana,Pacers,IND,5,202388,Donald Sloan,1610612754.0,Indiana,Pacers,IND,0,0,,,,,,0
0021400407,101,1,1,1,7:31 PM,0:08,Budinger 18' Jump Shot (4 PTS) (Williams 3 AST),,,17 - 17,TIE,4,201978,Chase Budinger,1610612750.0,Minnesota,Timberwolves,MIN,4,2590,Mo Williams,1610612750.0,Minnesota,Timberwolves,MIN,0,0,,,,,,1
0021400407,102,1,1,1,7:31 PM,0:00,,,Miles 29' 3PT Jump Shot (6 PTS),20 - 17,-3,5,101139,CJ Miles,1610612754.0,Indiana,Pacers,IND,0,0,,,,,,0,0,,,,,,1
0021400407,103,18,0,1,7:32 PM,0:00,,,,,,0,102,,,,,,0,0,,,,,,1,0,,,,,,0
0021400407,104,13,0,1,7:32 PM,0:00,,,,20 - 17,-3,0,0,,,,,,0,0,,,,,,0,0,,,,,,0
0021400407,106,12,0,2,7:34 PM,12:00,,,,20 - 17,-3,0,0,,,,,,0,0,,,,,,0,0,,,,,,0
0021400407,107,1,5,2,7:34 PM,11:49,,,Scola 2' Layup (2 PTS) (Sloan 1 AST),22 - 17,-5,5,2449,Luis Scola,1610612754.0,Indiana,Pacers,IND,5,202388,Donald Sloan,1610612754.0,Indiana,Pacers,IND,0,0,,,,,,1
0021400407,108,1,1,2,7:34 PM,11:29,Williams 26' 3PT Jump Shot (7 PTS) (Budinger 1 AST),,,22 - 20,-2,4,2590,Mo Williams,1610612750.0,Minnesota,Timberwolves,MIN,4,201978,Chase Budinger,1610612750.0,Minnesota,Timberwolves,MIN,0,0,,,,,,1
0021400407,109,2,46,2,7:35 PM,11:15,,,MISS Sloan 14' Running Jump Shot,,,5,202388,Donald Sloan,1610612754.0,Indiana,Pacers,IND,0,0,,,,,,0,0,,,,,,1
0021400407,110,4,0,2,7:35 PM,11:14,Adrien REBOUND (Off:0 Def:1),,,,,4,202399,Jeff Adrien,1610612750.0,Minnesota,Timberwolves,MIN,0,0,,,,,,0,0,,,,,,1
0021400407,111,2,1,2,7:35 PM,11:04,MISS Williams 17' Jump Shot,,,,,4,2590,Mo Williams,1610612750.0,Minnesota,Timberwolves,MIN,0,0,,,,,,0,0,,,,,,1
0021400407,112,4,0,2,7:35 PM,11:03,,,Sloan REBOUND (Off:0 Def:1),,,5,202388,Donald Sloan,1610612754.0,Indiana,Pacers,IND,0,0,,,,,,0,0,,,,,,1
0021400407,113,1,46,2,7:35 PM,10:59,,,Miles 10' Running Jump Shot (8 PTS),24 - 20,-4,5,101139,CJ Miles,1610612754.0,Indiana,Pacers,IND,0,0,,,,,,0,0,,,,,,1
0021400407,114,6,2,2,7:35 PM,10:59,Adrien S.FOUL (P1.T1),,,,,4,202399,Jeff Adrien,1610612750.0,Minnesota,Timberwolves,MIN,5,101139,CJ Miles,1610612754.0,Indiana,Pacers,IND,1,0,,,,,,1
0021400407,115,3,10,2,7:35 PM,10:59,,,MISS Miles Free Throw 1 of 1,,,5,101139,CJ Miles,1610612754.0,Indiana,Pacers,IND,0,0,,,,,,0,0,,,,,,0
0021400407,117,4,0,2,7:35 PM,10:59,Adrien REBOUND (Off:0 Def:2),,,,,4,202399,Jeff Adrien,1610612750.0,Minnesota,Timberwolves,MIN,0,0,,,,,,0,0,,,,,,1
0021400407,118,5,4,2,7:36 PM,10:39,Bennett Traveling Turnover (P1.T4),,,,,4,203461,Anthony Bennett,1610612750.0,Minnesota,Timberwolves,MIN,0,0,,,,,,1,0,,,,,,1
0021400407,119,2,1,2,7:36 PM,10:23,,,MISS Rudez 17' Jump Shot,,,5,204014,Damjan Rudez,1610612754.0,Indiana,Pacers,IND,0,0,,,,,,0,0,,,,,,1
0021400407,120,4,0,2,7:36 PM,10:21,Adrien REBOUND (Off:0 Def:3),,,,,4,202399,Jeff Adrien,1610612750.0,Minnesota,Timberwolves,MIN,0,0,,,,,,0,0,,,,,,1
0021400407,121,2,77,2,7:36 PM,10:10,MISS Budinger 3' Driving Jump Shot,,,,,4,201978,Chase Budinger,1610612750.0,Minnesota,Timberwolves,MIN,0,0,,,,,,0,0,,,,,,1
0021400407,122,4,0,2,7:36 PM,10:09,,,Rudez REBOUND (Off:0 Def:1),,,5,204014,Damjan Rudez,1610612754.0,Indiana,Pacers,IND,0,0,,,,,,0,0,,,,,,1
0021400407,123,2,1,2,7:37 PM,9:54,,,MISS Miles 26' 3PT Jump Shot,,,5,101139,CJ Miles,1610612754.0,Indiana,Pacers,IND,0,0,,,,,,0,0,,,,,,1
0021400407,124,4,0,2,7:37 PM,9:53,Bennett REBOUND (Off:0 Def:1),,,,,4,203461,Anthony Bennett,1610612750.0,Minnesota,Timberwolves,MIN,0,0,,,,,,0,0,,,,,,1
0021400407,126,1,1,2,7:37 PM,9:43,Budinger 18' Jump Shot (6 PTS) (Muhammad 1 AST),,,24 - 22,-2,4,201978,Chase Budinger,1610612750.0,Minnesota,Timberwolves,MIN,4,203498,Shabazz Muhammad,1610612750.0,Minnesota,Timberwolves,MIN,0,0,,,,,,1
0021400407,127,1,1,2,7:37 PM,9:30,,,Scola 20' Jump Shot (4 PTS) (Sloan 2 AST),26 - 22,-4,5,2449,Luis Scola,1610612754.0,Indiana,Pacers,IND,5,202388,Donald Sloan,1610612754.0,Indiana,Pacers,IND,0,0,,,,,,1
0021400407,128,5,1,2,7:38 PM,9:14,Williams Bad Pass Turnover (P1.T5),,,,,4,2590,Mo Williams,1610612750.0,Minnesota,Timberwolves,MIN,0,0,,,,,,0,0,,,,,,1
0021400407,129,8,0,2,7:38 PM,9:14,,,SUB: Stuckey FOR Rudez,,,5,204014,Damjan Rudez,1610612754.0,Indiana,Pacers,IND,5,201155,Rodney Stuckey,1610612754.0,Indiana,Pacers,IND,0,0,,,,,,0
0021400407,130,1,1,2,7:38 PM,9:03,,,Scola 18' Jump Shot (6 PTS) (Sloan 3 AST),28 - 22,-6,5,2449,Luis Scola,1610612754.0,Indiana,Pacers,IND,5,202388,Donald Sloan,1610612754.0,Indiana,Pacers,IND,0,0,,,,,,1
0021400407,131,5,1,2,7:38 PM,8:43,Muhammad Bad Pass Turnover (P1.T6),,Allen STEAL (1 STL),,,4,203498,Shabazz Muhammad,1610612750.0,Minnesota,Timberwolves,MIN,5,202730,Lavoy Allen,1610612754.0,Indiana,Pacers,IND,0,0,,,,,,1
0021400407,132,1,1,2,7:38 PM,8:39,,,Miles 17' Jump Shot (10 PTS) (Stuckey 1 AST),30 - 22,-8,5,101139,CJ Miles,1610612754.0,Indiana,Pacers,IND,5,201155,Rodney Stuckey,1610612754.0,Indiana,Pacers,IND,0,0,,,,,,1
0021400407,133,9,1,2,7:39 PM,8:39,TIMBERWOLVES Timeout: Regular (Full 2 Short 0),,,,,2,1610612750,,,,,,0,0,,,,,,0,0,,,,,,0
0021400407,135,8,0,2,7:40 PM,8:39,SUB: Hummel FOR Bennett,,,,,4,203461,Anthony Bennett,1610612750.0,Minnesota,Timberwolves,MIN,4,203133,Robbie Hummel,1610612750.0,Minnesota,Timberwolves,MIN,0,0,,,,,,0
0021400407,136,8,0,2,7:41 PM,8:39,,,SUB: West FOR Allen,,,5,202730,Lavoy Allen,1610612754.0,Indiana,Pacers,IND,5,2561,David West,1610612754.0,Indiana,Pacers,IND,0,0,,,,,,0
0021400407,137,5,2,2,7:41 PM,8:31,Muhammad Lost Ball Turnover (P2.T7),,West STEAL (1 STL),,,4,203498,Shabazz Muhammad,1610612750.0,Minnesota,Timberwolves,MIN,5,2561,David West,1610612754.0,Indiana,Pacers,IND,0,0,,,,,,1
0021400407,138,1,1,2,7:41 PM,8:13,,,Scola 12' Jump Shot (8 PTS) (Sloan 4 AST),32 - 22,-10,5,2449,Luis Scola,1610612754.0,Indiana,Pacers,IND,5,202388,Donald Sloan,1610612754.0,Indiana,Pacers,IND,0,0,,,,,,1
0021400407,139,1,78,2,7:41 PM,7:49,Williams 19' Floating Jump Shot (9 PTS),,,32 - 24,-8,4,2590,Mo Williams,1610612750.0,Minnesota,Timberwolves,MIN,0,0,,,,,,0,0,,,,,,1
0021400407,140,2,42,2,7:42 PM,7:27,,,MISS Stuckey 1' Driving Layup,,,5,201155,Rodney Stuckey,1610612754.0,Indiana,Pacers,IND,0,0,,,,,,0,0,,,,,,1
0021400407,141,4,0,2,7:42 PM,7:26,Adrien REBOUND (Off:0 Def:4),,,,,4,202399,Jeff Adrien,1610612750.0,Minnesota,Timberwolves,MIN,0,0,,,,,,0,0,,,,,,1
0021400407,142,2,1,2,7:42 PM,7:21,MISS Williams 24' 3PT Jump Shot,,,,,4,2590,Mo Williams,1610612750.0,Minnesota,Timberwolves,MIN,0,0,,,,,,0,0,,,,,,1
0021400407,143,4,0,2,7:42 PM,7:20,,,Scola REBOUND (Off:0 Def:1),,,5,2449,Luis Scola,1610612754.0,Indiana,Pacers,IND,0,0,,,,,,0,0,,,,,,1
0021400407,144,1,5,2,7:42 PM,7:08,,,Scola 2' Layup (10 PTS) (West 2 AST),34 - 24,-10,5,2449,Luis Scola,1610612754.0,Indiana,Pacers,IND,5,2561,David West,1610612754.0,Indiana,Pacers,IND,0,0,,,,,,1
0021400407,145,2,79,2,7:42 PM,6:49,MISS Hummel 17' Pullup Jump Shot,,,,,4,203133,Robbie Hummel,1610612750.0,Minnesota,Timberwolves,MIN,0,0,,,,,,0,0,,,,,,1
0021400407,146,4,0,2,7:42 PM,6:48,,,Stuckey REBOUND (Off:0 Def:2),,,5,201155,Rodney Stuckey,1610612754.0,Indiana,Pacers,IND,0,0,,,,,,0,0,,,,,,1
0021400407,147,1,1,2,7:43 PM,6:39,,,West 20' Jump Shot (4 PTS) (Sloan 5 AST),36 - 24,-12,5,2561,David West,1610612754.0,Indiana,Pacers,IND,5,202388,Donald Sloan,1610612754.0,Indiana,Pacers,IND,0,0,,,,,,1
0021400407,148,1,1,2,7:43 PM,6:21,Williams 19' Jump Shot (11 PTS),,,36 - 26,-10,4,2590,Mo Williams,1610612750.0,Minnesota,Timberwolves,MIN,0,0,,,,,,0,0,,,,,,1
0021400407,149,2,1,2,7:43 PM,6:04,,,MISS Scola  3PT Jump Shot,,,5,2449,Luis Scola,1610612754.0,Indiana,Pacers,IND,0,0,,,,,,0,0,,,,,,1
0021400407,150,4,0,2,7:43 PM,6:03,Budinger REBOUND (Off:0 Def:3),,,,,4,201978,Chase Budinger,1610612750.0,Minnesota,Timberwolves,MIN,0,0,,,,,,0,0,,,,,,1
0021400407,151,6,2,2,7:44 PM,5:50,,,West S.FOUL (P1.T1),,,5,2561,David West,1610612754.0,Indiana,Pacers,IND,4,202399,Jeff Adrien,1610612750.0,Minnesota,Timberwolves,MIN,1,0,,,,,,1
0021400407,152,9,1,2,7:44 PM,5:50,,,,,,1,0,,,,,,0,0,,,,,,0,0,,,,,,0
0021400407,154,8,0,2,7:46 PM,5:50,SUB: Wiggins FOR Budinger,,,,,4,201978,Chase Budinger,1610612750.0,Minnesota,Timberwolves,MIN,4,203952,Andrew Wiggins,1610612750.0,Minnesota,Timberwolves,MIN,0,0,,,,,,0
0021400407,155,3,11,2,7:46 PM,5:50,MISS Adrien Free Throw 1 of 2,,,,,4,202399,Jeff Adrien,1610612750.0,Minnesota,Timberwolves,MIN,0,0,,,,,,0,0,,,,,,0
0021400407,156,4,1,2,7:46 PM,5:50,TIMBERWOLVES Rebound,,,,,2,1610612750,,,,,,0,0,,,,,,0,0,,,,,,0
0021400407,157,3,12,2,7:46 PM,5:50,Adrien Free Throw 2 of 2 (1 PTS),,,36 - 27,-9,4,202399,Jeff Adrien,1610612750.0,Minnesota,Timberwolves,MIN,0,0,,,,,,0,0,,,,,,0
0021400407,159,1,1,2,7:47 PM,5:33,,,West 15' Jump Shot (6 PTS) (Scola 1 AST),38 - 27,-11,5,2561,David West,1610612754.0,Indiana,Pacers,IND,5,2449,Luis Scola,1610612754.0,Indiana,Pacers,IND,0,0,,,,,,1
0021400407,160,1,1,2,7:47 PM,5:15,Williams 21' Jump Shot (13 PTS) (Adrien 1 AST),,,38 - 29,-9,4,2590,Mo Williams,1610612750.0,Minnesota,Timberwolves,MIN,4,202399,Jeff Adrien,1610612750.0,Minnesota,Timberwolves,MIN,0,0,,,,,,1
0021400407,161,2,1,2,7:47 PM,4:54,,,MISS Sloan  3PT Jump Shot,,,5,202388,Donald Sloan,1610612754.0,Indiana,Pacers,IND,0,0,,,,,,0,0,,,,,,1
0021400407,162,4,0,2,7:47 PM,4:53,Muhammad REBOUND (Off:0 Def:3),,,,,4,203498,Shabazz Muhammad,1610612750.0,Minnesota,Timberwolves,MIN,0,0,,,,,,0,0,,,,,,1
0021400407,164,8,0,2,7:48 PM,4:53,SUB: Dieng FOR Adrien,,,,,4,202399,Jeff Adrien,1610612750.0,Minnesota,Timberwolves,MIN,4,203476,Gorgui Dieng,1610612750.0,Minnesota,Timberwolves,MIN,0,0,,,,,,0
0021400407,165,8,0,2,7:48 PM,4:53,,,SUB: S. Hill FOR Miles,,,5,101139,CJ Miles,1610612754.0,Indiana,Pacers,IND,5,203524,Solomon Hill,1610612754.0,Indiana,Pacers,IND,0,0,,,,,,0
0021400407,166,8,0,2,7:48 PM,4:53,,,SUB: Watson FOR Sloan,,,5,202388,Donald Sloan,1610612754.0,Indiana,Pacers,IND,5,201228,C.J. Watson,1610612754.0,Indiana,Pacers,IND,0,0,,,,,,0
0021400407,167,6,2,2,7:48 PM,4:37,,,Scola S.FOUL (P1.T2),,,5,2449,Luis Scola,1610612754.0,Indiana,Pacers,IND,4,203133,Robbie Hummel,1610612750.0,Minnesota,Timberwolves,MIN,1,0,,,,,,1
0021400407,168,3,11,2,7:48 PM,4:37,Hummel Free Throw 1 of 2 (1 PTS),,,38 - 30,-8,4,203133,Robbie Hummel,1610612750.0,Minnesota,Timberwolves,MIN,0,0,,,,,,0,0,,,,,,0
0021400407,170,3,12,2,7:49 PM,4:37,Hummel Free Throw 2 of 2 (2 PTS),,,38 - 31,-7,4,203133,Robbie Hummel,1610612750.0,Minnesota,Timberwolves,MIN,0,0,,,,,,0,0,,,,,,0
0021400407,172,6,1,2,7:49 PM,4:29,Hummel P.FOUL (P1.T2),,,,,4,203133,Robbie Hummel,1610612750.0,Minnesota,Timberwolves,MIN,5,2561,David West,1610612754.0,Indiana,Pacers,IND,1,0,,,,,,1
0021400407,173,2,1,2,7:49 PM,4:23,,,MISS Scola 15' Jump Shot,,,5,2449,Luis Scola,1610612754.0,Indiana,Pacers,IND,0,0,,,,,,0,0,,,,,,1
0021400407,174,4,0,2,7:49 PM,4:22,Wiggins REBOUND (Off:0 Def:3),,,,,4,203952,Andrew Wiggins,1610612750.0,Minnesota,Timberwolves,MIN,0,0,,,,,,0,0,,,,,,1
0021400407,175,6,26,2,7:50 PM,4:07,Williams Offensive Charge Foul (P1.T3),,,,,4,2590,Mo Williams,1610612750.0,Minnesota,Timberwolves,MIN,5,2449,Luis Scola,1610612754.0,Indiana,Pacers,IND,1,0,,,,,,1
0021400407,176,5,5,2,7:50 PM,4:07,Williams Foul Turnover (P2.T8),,,,,4,2590,Mo Williams,1610612750.0,Minnesota,Timberwolves,MIN,0,0,,,,,,1,0,,,,,,1
0021400407,177,1,66,2,7:50 PM,3:54,,,West 12' Jump Bank Shot (8 PTS) (Watson 2 AST),40 - 31,-9,5,2561,David West,1610612754.0,Indiana,Pacers,IND,5,201228,C.J. Watson,1610612754.0,Indiana,Pacers,IND,0,0,,,,,,1
0021400407,178,1,1,2,7:51 PM,3:32,Hummel 25' 3PT Jump Shot (5 PTS) (Dieng 1 AST),,,40 - 34,-6,4,203133,Robbie Hummel,1610612750.0,Minnesota,Timberwolves,MIN,4,203476,Gorgui Dieng,1610612750.0,Minnesota,Timberwolves,MIN,0,0,,,,,,1
0021400407,179,1,79,2,7:51 PM,3:18,,,Watson 19' Pullup Jump Shot (2 PTS),42 - 34,-8,5,201228,C.J. Watson,1610612754.0,Indiana,Pacers,IND,0,0,,,,,,0,0,,,,,,1
0021400407,180,5,2,2,7:51 PM,3:00,Dieng Lost Ball Turnover (P2.T9),,West STEAL (2 STL),,,4,203476,Gorgui Dieng,1610612750.0,Minnesota,Timberwolves,MIN,5,2561,David West,1610612754.0,Indiana,Pacers,IND,0,0,,,,,,1
0021400407,181,1,1,2,7:51 PM,2:49,,,S. Hill 26' 3PT Jump Shot (3 PTS) (Scola 2 AST),45 - 34,-11,5,203524,Solomon Hill,1610612754.0,Indiana,Pacers,IND,5,2449,Luis Scola,1610612754.0,Indiana,Pacers,IND,0,0,,,,,,1
0021400407,183,2,1,2,7:52 PM,2:34,MISS Hummel 25' 3PT Jump Shot,,,,,4,203133,Robbie Hummel,1610612750.0,Minnesota,Timberwolves,MIN,0,0,,,,,,0,0,,,,,,1
0021400407,184,4,0,2,7:52 PM,2:32,,,S. Hill REBOUND (Off:0 Def:2),,,5,203524,Solomon Hill,1610612754.0,Indiana,Pacers,IND,0,0,,,,,,0,0,,,,,,1
0021400407,185,5,39,2,7:52 PM,2:14,,,S. Hill Step Out of Bounds Turnover (P4.T6),,,5,203524,Solomon Hill,1610612754.0,Indiana,Pacers,IND,0,0,,,,,,1,0,,,,,,1
0021400407,186,9,1,2,7:52 PM,2:14,,,Pacers Timeout: Regular (Reg.2 Short 0),,,3,1610612754,,,,,,0,0,,,,,,0,0,,,,,,0
0021400407,188,8,0,2,7:54 PM,2:14,SUB: Young FOR Dieng,,,,,4,203476,Gorgui Dieng,1610612750.0,Minnesota,Timberwolves,MIN,4,201152,Thaddeus Young,1610612750.0,Minnesota,Timberwolves,MIN,0,0,,,,,,0
0021400407,189,2,1,2,7:55 PM,2:02,MISS Wiggins 5' Jump Shot,,,,,4,203952,Andrew Wiggins,1610612750.0,Minnesota,Timberwolves,MIN,0,0,,,,,,0,0,,,,,,1
0021400407,190,4,0,2,7:55 PM,2:00,,,S. Hill REBOUND (Off:0 Def:3),,,5,203524,Solomon Hill,1610612754.0,Indiana,Pacers,IND,0,0,,,,,,0,0,,,,,,1
0021400407,191,1,42,2,7:55 PM,1:46,,,Stuckey 4' Driving Layup (6 PTS),47 - 34,-13,5,201155,Rodney Stuckey,1610612754.0,Indiana,Pacers,IND,0,0,,,,,,0,0,,,,,,1
0021400407,192,6,2,2,7:55 PM,1:46,Wiggins S.FOUL (P1.T4),,,,,4,203952,Andrew Wiggins,1610612750.0,Minnesota,Timberwolves,MIN,5,201155,Rodney Stuckey,1610612754.0,Indiana,Pacers,IND,1,0,,,,,,1
0021400407,193,3,10,2,7:55 PM,1:46,,,Stuckey Free Throw 1 of 1 (7 PTS),48 - 34,-14,5,201155,Rodney Stuckey,1610612754.0,Indiana,Pacers,IND,0,0,,,,,,0,0,,,,,,0
0021400407,195,2,5,2,7:56 PM,1:30,MISS Young 2' Layup,,West BLOCK (1 BLK),,,4,201152,Thaddeus Young,1610612750.0,Minnesota,Timberwolves,MIN,0,0,,,,,,5,2561,David West,1610612754.0,Indiana,Pacers,IND,1
0021400407,196,4,0,2,7:56 PM,1:28,,,Stuckey REBOUND (Off:0 Def:3),,,5,201155,Rodney Stuckey,1610612754.0,Indiana,Pacers,IND,0,0,,,,,,0,0,,,,,,1
0021400407,197,6,2,2,7:56 PM,1:19,Wiggins S.FOUL (P2.PN),,,,,4,203952,Andrew Wiggins,1610612750.0,Minnesota,Timberwolves,MIN,5,203524,Solomon Hill,1610612754.0,Indiana,Pacers,IND,1,0,,,,,,1
0021400407,198,3,11,2,7:56 PM,1:19,,,S. Hill Free Throw 1 of 2 (4 PTS),49 - 34,-15,5,203524,Solomon Hill,1610612754.0,Indiana,Pacers,IND,0,0,,,,,,0,0,,,,,,0
0021400407,200,8,0,2,7:56 PM,1:19,SUB: Budinger FOR Wiggins,,,,,4,203952,Andrew Wiggins,1610612750.0,Minnesota,Timberwolves,MIN,4,201978,Chase Budinger,1610612750.0,Minnesota,Timberwolves,MIN,0,0,,,,,,0
0021400407,201,8,0,2,7:56 PM,1:19,,,SUB: Miles FOR Stuckey,,,5,201155,Rodney Stuckey,1610612754.0,Indiana,Pacers,IND,5,101139,CJ Miles,1610612754.0,Indiana,Pacers,IND,0,0,,,,,,0
0021400407,202,3,12,2,7:57 PM,1:19,,,S. Hill Free Throw 2 of 2 (5 PTS),50 - 34,-16,5,203524,Solomon Hill,1610612754.0,Indiana,Pacers,IND,0,0,,,,,,0,0,,,,,,0
0021400407,204,1,41,2,7:57 PM,1:04,Budinger 2' Running Layup (8 PTS),,,50 - 36,-14,4,201978,Chase Budinger,1610612750.0,Minnesota,Timberwolves,MIN,0,0,,,,,,0,0,,,,,,1
0021400407,205,2,1,2,7:57 PM,0:44,,,MISS Miles 26' 3PT Jump Shot,,,5,101139,CJ Miles,1610612754.0,Indiana,Pacers,IND,0,0,,,,,,0,0,,,,,,1
0021400407,206,4,0,2,7:57 PM,0:42,Hummel REBOUND (Off:0 Def:1),,,,,4,203133,Robbie Hummel,1610612750.0,Minnesota,Timberwolves,MIN,0,0,,,,,,0,0,,,,,,1
0021400407,207,1,5,2,7:57 PM,0:35,Young 1' Layup (4 PTS) (Williams 4 AST),,,50 - 38,-12,4,201152,Thaddeus Young,1610612750.0,Minnesota,Timberwolves,MIN,4,2590,Mo Williams,1610612750.0,Minnesota,Timberwolves,MIN,0,0,,,,,,1
0021400407,208,1,1,2,7:58 PM,0:22,,,Miles 18' Jump Shot (12 PTS) (Watson 3 AST),52 - 38,-14,5,101139,CJ Miles,1610612754.0,Indiana,Pacers,IND,5,201228,C.J. Watson,1610612754.0,Indiana,Pacers,IND,0,0,,,,,,1
0021400407,209,6,1,2,7:58 PM,0:13,,,Watson P.FOUL (P1.T3),,,5,201228,C.J. Watson,1610612754.0,Indiana,Pacers,IND,4,2590,Mo Williams,1610612750.0,Minnesota,Timberwolves,MIN,1,0,,,,,,1
0021400407,210,9,2,2,7:58 PM,0:13,TIMBERWOLVES Timeout: Short (Full 2 Short 1),,,,,2,1610612750,,,,,,0,0,,,,,,0,0,,,,,,0
0021400407,211,8,0,2,7:59 PM,0:13,SUB: Daniels FOR Muhammad,,,,,4,203498,Shabazz Muhammad,1610612750.0,Minnesota,Timberwolves,MIN,4,203584,Troy Daniels,1610612750.0,Minnesota,Timberwolves,MIN,0,0,,,,,,0
0021400407,212,8,0,2,7:59 PM,0:13,,,SUB: Hibbert FOR Scola,,,5,2449,Luis Scola,1610612754.0,Indiana,Pacers,IND,5,201579,Roy Hibbert,1610612754.0,Indiana,Pacers,IND,0,0,,,,,,0
0021400407,213,6,2,2,8:00 PM,0:01,,,Miles S.FOUL (P1.PN),,,5,101139,CJ Miles,1610612754.0,Indiana,Pacers,IND,4,201152,Thaddeus Young,1610612750.0,Minnesota,Timberwolves,MIN,1,0,,,,,,1
0021400407,214,3,11,2,8:00 PM,0:01,MISS Young Free Throw 1 of 2,,,,,4,201152,Thaddeus Young,1610612750.0,Minnesota,Timberwolves,MIN,0,0,,,,,,0,0,,,,,,0
0021400407,215,4,1,2,8:00 PM,0:01,TIMBERWOLVES Rebound,,,,,2,1610612750,,,,,,0,0,,,,,,0,0,,,,,,0
0021400407,216,3,12,2,8:00 PM,0:01,MISS Young Free Throw 2 of 2,,,,,4,201152,Thaddeus Young,1610612750.0,Minnesota,Timberwolves,MIN,0,0,,,,,,0,0,,,,,,0
0021400407,218,4,0,2,8:00 PM,0:00,,,Hibbert REBOUND (Off:0 Def:4),,,5,201579,Roy Hibbert,1610612754.0,Indiana,Pacers,IND,0,0,,,,,,0,0,,,,,,1
0021400407,219,13,0,2,8:00 PM,0:00,,,,52 - 38,-14,0,0,,,,,,0,0,,,,,,0,0,,,,,,0
0021400407,221,12,0,3,8:16 PM,12:00,,,,52 - 38,-14,0,0,,,,,,0,0,,,,,,0,0,,,,,,0
0021400407,222,1,1,3,8:16 PM,11:44,,,Watson 24' 3PT Jump Shot (5 PTS) (Hibbert 2 AST),55 - 38,-17,5,201228,C.J. Watson,1610612754.0,Indiana,Pacers,IND,5,201579,Roy Hibbert,1610612754.0,Indiana,Pacers,IND,0,0,,,,,,1
0021400407,223,6,2,3,8:17 PM,11:30,,,Watson S.FOUL (P2.T1),,,5,201228,C.J. Watson,1610612754.0,Indiana,Pacers,IND,4,203897,Zach LaVine,1610612750.0,Minnesota,Timberwolves,MIN,1,0,,,,,,1
0021400407,224,3,11,3,8:17 PM,11:30,LaVine Free Throw 1 of 2 (1 PTS),,,55 - 39,-16,4,203897,Zach LaVine,1610612750.0,Minnesota,Timberwolves,MIN,0,0,,,,,,0,0,,,,,,0
0021400407,226,3,12,3,8:17 PM,11:30,LaVine Free Throw 2 of 2 (2 PTS),,,55 - 40,-15,4,203897,Zach LaVine,1610612750.0,Minnesota,Timberwolves,MIN,0,0,,,,,,0,0,,,,,,0
0021400407,228,1,1,3,8:18 PM,11:18,,,S. Hill 18' Jump Shot (7 PTS),57 - 40,-17,5,203524,Solomon Hill,1610612754.0,Indiana,Pacers,IND,0,0,,,,,,0,0,,,,,,1
0021400407,229,2,1,3,8:18 PM,11:03,MISS Muhammad 20' Jump Shot,,,,,4,203498,Shabazz Muhammad,1610612750.0,Minnesota,Timberwolves,MIN,0,0,,,,,,0,0,,,,,,1
0021400407,230,4,0,3,8:18 PM,11:02,,,Hibbert REBOUND (Off:0 Def:5),,,5,201579,Roy Hibbert,1610612754.0,Indiana,Pacers,IND,0,0,,,,,,0,0,,,,,,1
0021400407,231,5,2,3,8:18 PM,10:49,LaVine STEAL (1 STL),,Watson Lost Ball Turnover (P1.T7),,,5,201228,C.J. Watson,1610612754.0,Indiana,Pacers,IND,4,203897,Zach LaVine,1610612750.0,Minnesota,Timberwolves,MIN,0,0,,,,,,1
0021400407,232,1,5,3,8:18 PM,10:44,Muhammad  Layup (5 PTS) (LaVine 1 AST),,,57 - 42,-15,4,203498,Shabazz Muhammad,1610612750.0,Minnesota,Timberwolves,MIN,4,203897,Zach LaVine,1610612750.0,Minnesota,Timberwolves,MIN,0,0,,,,,,1
0021400407,233,1,5,3,8:19 PM,10:17,,,Hibbert 2' Layup (10 PTS) (S. Hill 2 AST),59 - 42,-17,5,201579,Roy Hibbert,1610612754.0,Indiana,Pacers,IND,5,203524,Solomon Hill,1610612754.0,Indiana,Pacers,IND,0,0,,,,,,1
0021400407,234,2,46,3,8:19 PM,9:58,MISS Young 5' Running Jump Shot,,,,,4,201152,Thaddeus Young,1610612750.0,Minnesota,Timberwolves,MIN,0,0,,,,,,0,0,,,,,,1
0021400407,235,4,0,3,8:19 PM,9:57,Dieng REBOUND (Off:2 Def:1),,,,,4,203476,Gorgui Dieng,1610612750.0,Minnesota,Timberwolves,MIN,0,0,,,,,,0,0,,,,,,1
0021400407,236,10,0,3,8:19 PM,9:55,Jump Ball Dieng vs. S. Hill: Tip to Watson,,,,,4,203476,Gorgui Dieng,1610612750.0,Minnesota,Timberwolves,MIN,5,203524,Solomon Hill,1610612754.0,Indiana,Pacers,IND,5,201228,C.J. Watson,1610612754.0,Indiana,Pacers,IND,0
0021400407,237,5,2,3,8:19 PM,9:55,Dieng Lost Ball Turnover (P3.T10),,S. Hill STEAL (2 STL),,,4,203476,Gorgui Dieng,1610612750.0,Minnesota,Timberwolves,MIN,5,203524,Solomon Hill,1610612754.0,Indiana,Pacers,IND,0,0,,,,,,1
0021400407,238,1,42,3,8:19 PM,9:51,,,Watson  Driving Layup (7 PTS),61 - 42,-19,5,201228,C.J. Watson,1610612754.0,Indiana,Pacers,IND,0,0,,,,,,0,0,,,,,,1
0021400407,240,9,1,3,8:20 PM,9:49,TIMBERWOLVES Timeout: Regular (Full 3 Short 1),,,,,2,1610612750,,,,,,0,0,,,,,,0,0,,,,,,0
0021400407,242,1,1,3,8:23 PM,9:28,LaVine 24' 3PT Jump Shot (5 PTS),,,61 - 45,-16,4,203897,Zach LaVine,1610612750.0,Minnesota,Timberwolves,MIN,0,0,,,,,,0,0,,,,,,1
0021400407,243,2,79,3,8:23 PM,9:10,,,MISS Stuckey 18' Pullup Jump Shot,,,5,201155,Rodney Stuckey,1610612754.0,Indiana,Pacers,IND,0,0,,,,,,0,0,,,,,,1
0021400407,244,4,0,3,8:23 PM,9:09,,,West REBOUND (Off:1 Def:1),,,5,2561,David West,1610612754.0,Indiana,Pacers,IND,0,0,,,,,,0,0,,,,,,1
0021400407,245,2,1,3,8:23 PM,9:02,,,MISS Watson 19' Jump Shot,,,5,201228,C.J. Watson,1610612754.0,Indiana,Pacers,IND,0,0,,,,,,0,0,,,,,,1
0021400407,246,4,0,3,8:23 PM,9:01,Dieng REBOUND (Off:2 Def:2),,,,,4,203476,Gorgui Dieng,1610612750.0,Minnesota,Timberwolves,MIN,0,0,,,,,,0,0,,,,,,1
0021400407,247,2,1,3,8:23 PM,8:53,MISS LaVine 18' Jump Shot,,,,,4,203897,Zach LaVine,1610612750.0,Minnesota,Timberwolves,MIN,0,0,,,,,,0,0,,,,,,1
0021400407,249,4,0,3,8:23 PM,8:52,Muhammad REBOUND (Off:1 Def:3),,,,,4,203498,Shabazz Muhammad,1610612750.0,Minnesota,Timberwolves,MIN,0,0,,,,,,0,0,,,,,,1
0021400407,248,2,4,3,8:23 PM,8:52,MISS Muhammad 1' Tip Shot,,,,,4,203498,Shabazz Muhammad,1610612750.0,Minnesota,Timberwolves,MIN,0,0,,,,,,0,0,,,,,,1
0021400407,250,4,0,3,8:23 PM,8:52,TIMBERWOLVES Rebound,,,,,2,1610612750,,,,,,0,0,,,,,,0,0,,,,,,0
0021400407,251,1,1,3,8:23 PM,8:49,Wiggins 14' Jump Shot (2 PTS) (Muhammad 2 AST),,,61 - 47,-14,4,203952,Andrew Wiggins,1610612750.0,Minnesota,Timberwolves,MIN,4,203498,Shabazz Muhammad,1610612750.0,Minnesota,Timberwolves,MIN,0,0,,,,,,1
0021400407,252,2,1,3,8:24 PM,8:29,,,MISS Hibbert 13' Jump Shot,,,5,201579,Roy Hibbert,1610612754.0,Indiana,Pacers,IND,0,0,,,,,,0,0,,,,,,1
0021400407,253,4,0,3,8:24 PM,8:27,LaVine REBOUND (Off:0 Def:1),,,,,4,203897,Zach LaVine,1610612750.0,Minnesota,Timberwolves,MIN,0,0,,,,,,0,0,,,,,,1
0021400407,254,1,84,3,8:24 PM,8:21,LaVine 6' Running Bank Shot (7 PTS),,,61 - 49,-12,4,203897,Zach LaVine,1610612750.0,Minnesota,Timberwolves,MIN,0,0,,,,,,0,0,,,,,,1
0021400407,255,9,1,3,8:24 PM,8:14,,,Pacers Timeout: Regular (Reg.3 Short 0),,,3,1610612754,,,,,,0,0,,,,,,0,0,,,,,,0
0021400407,257,6,1,3,8:26 PM,8:11,LaVine P.FOUL (P1.T1),,,,,4,203897,Zach LaVine,1610612750.0,Minnesota,Timberwolves,MIN,5,201228,C.J. Watson,1610612754.0,Indiana,Pacers,IND,1,0,,,,,,1
0021400407,258,6,2,3,8:27 PM,7:58,LaVine S.FOUL (P2.T2),,,,,4,203897,Zach LaVine,1610612750.0,Minnesota,Timberwolves,MIN,5,201579,Roy Hibbert,1610612754.0,Indiana,Pacers,IND,1,0,,,,,,1
0021400407,259,3,11,3,8:27 PM,7:58,,,Hibbert Free Throw 1 of 2 (11 PTS),62 - 49,-13,5,201579,Roy Hibbert,1610612754.0,Indiana,Pacers,IND,0,0,,,,,,0,0,,,,,,0
0021400407,261,3,12,3,8:27 PM,7:58,,,MISS Hibbert Free Throw 2 of 2,,,5,201579,Roy Hibbert,1610612754.0,Indiana,Pacers,IND,0,0,,,,,,0,0,,,,,,0
0021400407,263,4,0,3,8:27 PM,7:58,Dieng REBOUND (Off:2 Def:3),,,,,4,203476,Gorgui Dieng,1610612750.0,Minnesota,Timberwolves,MIN,0,0,,,,,,0,0,,,,,,1
0021400407,264,2,5,3,8:28 PM,7:34,MISS LaVine 1' Layup,,,,,4,203897,Zach LaVine,1610612750.0,Minnesota,Timberwolves,MIN,0,0,,,,,,0,0,,,,,,1
0021400407,266,4,0,3,8:28 PM,7:33,Muhammad REBOUND (Off:2 Def:3),,,,,4,203498,Shabazz Muhammad,1610612750.0,Minnesota,Timberwolves,MIN,0,0,,,,,,0,0,,,,,,1
0021400407,265,1,4,3,8:28 PM,7:33,Muhammad  Tip Shot (7 PTS),,,62 - 51,-11,4,203498,Shabazz Muhammad,1610612750.0,Minnesota,Timberwolves,MIN,0,0,,,,,,0,0,,,,,,1
0021400407,267,5,2,3,8:28 PM,7:15,Young STEAL (2 STL),,Hibbert Lost Ball Turnover (P2.T8),,,5,201579,Roy Hibbert,1610612754.0,Indiana,Pacers,IND,4,201152,Thaddeus Young,1610612750.0,Minnesota,Timberwolves,MIN,0,0,,,,,,1
0021400407,268,1,8,3,8:28 PM,7:10,Muhammad  Slam Dunk (9 PTS) (Young 1 AST),,,62 - 53,-9,4,203498,Shabazz Muhammad,1610612750.0,Minnesota,Timberwolves,MIN,4,201152,Thaddeus Young,1610612750.0,Minnesota,Timberwolves,MIN,0,0,,,,,,1
0021400407,269,2,46,3,8:29 PM,6:47,,,MISS S. Hill 8' Running Jump Shot,,,5,203524,Solomon Hill,1610612754.0,Indiana,Pacers,IND,0,0,,,,,,0,0,,,,,,1
0021400407,270,4,0,3,8:29 PM,6:47,TIMBERWOLVES Rebound,,,,,2,1610612750,,,,,,0,0,,,,,,0,0,,,,,,0
0021400407,271,7,5,3,8:29 PM,6:37,,,S. Hill Violation:Kicked Ball,,,5,203524,Solomon Hill,1610612754.0,Indiana,Pacers,IND,0,0,,,,,,1,0,,,,,,0
0021400407,272,8,0,3,8:29 PM,6:37,,,SUB: Miles FOR S. Hill,,,5,203524,Solomon Hill,1610612754.0,Indiana,Pacers,IND,5,101139,CJ Miles,1610612754.0,Indiana,Pacers,IND,0,0,,,,,,0
0021400407,274,2,1,3,8:29 PM,6:30,MISS Wiggins 3' Jump Shot,,Hibbert BLOCK (4 BLK),,,4,203952,Andrew Wiggins,1610612750.0,Minnesota,Timberwolves,MIN,0,0,,,,,,5,201579,Roy Hibbert,1610612754.0,Indiana,Pacers,IND,1
0021400407,275,4,0,3,8:29 PM,6:27,Dieng REBOUND (Off:3 Def:3),,,,,4,203476,Gorgui Dieng,1610612750.0,Minnesota,Timberwolves,MIN,0,0,,,,,,0,0,,,,,,1
0021400407,276,5,1,3,8:29 PM,6:24,Dieng Bad Pass Turnover (P4.T11),,Watson STEAL (1 STL),,,4,203476,Gorgui Dieng,1610612750.0,Minnesota,Timberwolves,MIN,5,201228,C.J. Watson,1610612754.0,Indiana,Pacers,IND,0,0,,,,,,1
0021400407,277,5,1,3,8:30 PM,6:21,Muhammad STEAL (2 STL),,Watson Bad Pass Turnover (P2.T9),,,5,201228,C.J. Watson,1610612754.0,Indiana,Pacers,IND,4,203498,Shabazz Muhammad,1610612750.0,Minnesota,Timberwolves,MIN,0,0,,,,,,1
0021400407,278,2,42,3,8:30 PM,6:17,MISS Muhammad 2' Driving Layup,,,,,4,203498,Shabazz Muhammad,1610612750.0,Minnesota,Timberwolves,MIN,0,0,,,,,,0,0,,,,,,1
0021400407,279,4,0,3,8:30 PM,6:14,Young REBOUND (Off:1 Def:1),,,,,4,201152,Thaddeus Young,1610612750.0,Minnesota,Timberwolves,MIN,0,0,,,,,,0,0,,,,,,1
0021400407,280,6,2,3,8:30 PM,6:08,,,Miles S.FOUL (P2.T2),,,5,101139,CJ Miles,1610612754.0,Indiana,Pacers,IND,4,203498,Shabazz Muhammad,1610612750.0,Minnesota,Timberwolves,MIN,1,0,,,,,,1
0021400407,281,3,11,3,8:30 PM,6:08,Muhammad Free Throw 1 of 2 (10 PTS),,,62 - 54,-8,4,203498,Shabazz Muhammad,1610612750.0,Minnesota,Timberwolves,MIN,0,0,,,,,,0,0,,,,,,0
0021400407,283,8,0,3,8:30 PM,6:08,SUB: Bennett FOR Young,,,,,4,201152,Thaddeus Young,1610612750.0,Minnesota,Timberwolves,MIN,4,203461,Anthony Bennett,1610612750.0,Minnesota,Timberwolves,MIN,0,0,,,,,,0
0021400407,284,8,0,3,8:30 PM,6:08,,,SUB: Allen FOR West,,,5,2561,David West,1610612754.0,Indiana,Pacers,IND,5,202730,Lavoy Allen,1610612754.0,Indiana,Pacers,IND,0,0,,,,,,0
0021400407,285,3,12,3,8:30 PM,6:08,Muhammad Free Throw 2 of 2 (11 PTS),,,62 - 55,-7,4,203498,Shabazz Muhammad,1610612750.0,Minnesota,Timberwolves,MIN,0,0,,,,,,0,0,,,,,,0
0021400407,287,5,40,3,8:31 PM,6:02,,,Watson Out of Bounds Lost Ball Turnover (P3.T10),,,5,201228,C.J. Watson,1610612754.0,Indiana,Pacers,IND,0,0,,,,,,1,0,,,,,,1
0021400407,288,2,65,3,8:31 PM,5:55,MISS Muhammad 6' Jump Hook Shot,,,,,4,203498,Shabazz Muhammad,1610612750.0,Minnesota,Timberwolves,MIN,0,0,,,,,,0,0,,,,,,1
0021400407,289,4,0,3,8:31 PM,5:54,,,Hibbert REBOUND (Off:0 Def:6),,,5,201579,Roy Hibbert,1610612754.0,Indiana,Pacers,IND,0,0,,,,,,0,0,,,,,,1
0021400407,290,2,1,3,8:31 PM,5:39,,,MISS Stuckey 21' Jump Shot,,,5,201155,Rodney Stuckey,1610612754.0,Indiana,Pacers,IND,0,0,,,,,,0,0,,,,,,1
0021400407,291,4,0,3,8:31 PM,5:38,Bennett REBOUND (Off:0 Def:2),,,,,4,203461,Anthony Bennett,1610612750.0,Minnesota,Timberwolves,MIN,0,0,,,,,,0,0,,,,,,1
0021400407,292,1,1,3,8:32 PM,5:27,Muhammad 20' Jump Shot (13 PTS) (LaVine 2 AST),,,62 - 57,-5,4,203498,Shabazz Muhammad,1610612750.0,Minnesota,Timberwolves,MIN,4,203897,Zach LaVine,1610612750.0,Minnesota,Timberwolves,MIN,0,0,,,,,,1
0021400407,293,6,1,3,8:32 PM,5:12,Muhammad P.FOUL (P1.T3),,,,,4,203498,Shabazz Muhammad,1610612750.0,Minnesota,Timberwolves,MIN,5,101139,CJ Miles,1610612754.0,Indiana,Pacers,IND,1,0,,,,,,1
0021400407,294,8,0,3,8:32 PM,5:12,SUB: Budinger FOR Muhammad,,,,,4,203498,Shabazz Muhammad,1610612750.0,Minnesota,Timberwolves,MIN,4,201978,Chase Budinger,1610612750.0,Minnesota,Timberwolves,MIN,0,0,,,,,,0
0021400407,295,2,1,3,8:32 PM,5:02,,,MISS Watson 17' Jump Shot,,,5,201228,C.J. Watson,1610612754.0,Indiana,Pacers,IND,0,0,,,,,,0,0,,,,,,1
0021400407,296,4,0,3,8:32 PM,5:01,Wiggins REBOUND (Off:0 Def:4),,,,,4,203952,Andrew Wiggins,1610612750.0,Minnesota,Timberwolves,MIN,0,0,,,,,,0,0,,,,,,1
0021400407,297,1,65,3,8:33 PM,4:47,Dieng 6' Jump Hook Shot (6 PTS),,,62 - 59,-3,4,203476,Gorgui Dieng,1610612750.0,Minnesota,Timberwolves,MIN,0,0,,,,,,0,0,,,,,,1
0021400407,298,1,1,3,8:33 PM,4:29,,,Miles 24' 3PT Jump Shot (15 PTS) (Hibbert 3 AST),65 - 59,-6,5,101139,CJ Miles,1610612754.0,Indiana,Pacers,IND,5,201579,Roy Hibbert,1610612754.0,Indiana,Pacers,IND,0,0,,,,,,1
0021400407,299,6,2,3,8:33 PM,4:17,,,Allen S.FOUL (P1.T3),,,5,202730,Lavoy Allen,1610612754.0,Indiana,Pacers,IND,4,203897,Zach LaVine,1610612750.0,Minnesota,Timberwolves,MIN,1,0,,,,,,1
0021400407,300,3,11,3,8:33 PM,4:17,LaVine Free Throw 1 of 2 (8 PTS),,,65 - 60,-5,4,203897,Zach LaVine,1610612750.0,Minnesota,Timberwolves,MIN,0,0,,,,,,0,0,,,,,,0
0021400407,302,8,0,3,8:34 PM,4:17,,,SUB: Sloan FOR Watson,,,5,201228,C.J. Watson,1610612754.0,Indiana,Pacers,IND,5,202388,Donald Sloan,1610612754.0,Indiana,Pacers,IND,0,0,,,,,,0
0021400407,303,3,12,3,8:34 PM,4:17,LaVine Free Throw 2 of 2 (9 PTS),,,65 - 61,-4,4,203897,Zach LaVine,1610612750.0,Minnesota,Timberwolves,MIN,0,0,,,,,,0,0,,,,,,0
0021400407,305,2,1,3,8:35 PM,3:52,,,MISS Stuckey 14' Jump Shot,,,5,201155,Rodney Stuckey,1610612754.0,Indiana,Pacers,IND,0,0,,,,,,0,0,,,,,,1
0021400407,306,4,0,3,8:35 PM,3:50,,,Hibbert REBOUND (Off:1 Def:6),,,5,201579,Roy Hibbert,1610612754.0,Indiana,Pacers,IND,0,0,,,,,,0,0,,,,,,1
0021400407,307,6,2,3,8:35 PM,3:49,Wiggins S.FOUL (P3.T4),,,,,4,203952,Andrew Wiggins,1610612750.0,Minnesota,Timberwolves,MIN,5,201579,Roy Hibbert,1610612754.0,Indiana,Pacers,IND,1,0,,,,,,1
0021400407,308,3,11,3,8:35 PM,3:49,,,Hibbert Free Throw 1 of 2 (12 PTS),66 - 61,-5,5,201579,Roy Hibbert,1610612754.0,Indiana,Pacers,IND,0,0,,,,,,0,0,,,,,,0
0021400407,310,3,12,3,8:35 PM,3:49,,,Hibbert Free Throw 2 of 2 (13 PTS),67 - 61,-6,5,201579,Roy Hibbert,1610612754.0,Indiana,Pacers,IND,0,0,,,,,,0,0,,,,,,0
0021400407,312,2,42,3,8:35 PM,3:40,MISS LaVine 3' Driving Layup,,,,,4,203897,Zach LaVine,1610612750.0,Minnesota,Timberwolves,MIN,0,0,,,,,,0,0,,,,,,1
0021400407,313,4,0,3,8:35 PM,3:39,,,Allen REBOUND (Off:1 Def:1),,,5,202730,Lavoy Allen,1610612754.0,Indiana,Pacers,IND,0,0,,,,,,0,0,,,,,,1
0021400407,314,2,1,3,8:36 PM,3:20,,,MISS Miles 27' 3PT Jump Shot,,,5,101139,CJ Miles,1610612754.0,Indiana,Pacers,IND,0,0,,,,,,0,0,,,,,,1
0021400407,315,4,0,3,8:36 PM,3:19,Wiggins REBOUND (Off:0 Def:5),,,,,4,203952,Andrew Wiggins,1610612750.0,Minnesota,Timberwolves,MIN,0,0,,,,,,0,0,,,,,,1
0021400407,316,6,2,3,8:36 PM,3:15,,,Stuckey S.FOUL (P3.T4),,,5,201155,Rodney Stuckey,1610612754.0,Indiana,Pacers,IND,4,203952,Andrew Wiggins,1610612750.0,Minnesota,Timberwolves,MIN,1,0,,,,,,1
0021400407,317,3,11,3,8:36 PM,3:15,MISS Wiggins Free Throw 1 of 2,,,,,4,203952,Andrew Wiggins,1610612750.0,Minnesota,Timberwolves,MIN,0,0,,,,,,0,0,,,,,,0
0021400407,318,4,1,3,8:36 PM,3:15,TIMBERWOLVES Rebound,,,,,2,1610612750,,,,,,0,0,,,,,,0,0,,,,,,0
0021400407,319,3,12,3,8:36 PM,3:15,Wiggins Free Throw 2 of 2 (3 PTS),,,67 - 62,-5,4,203952,Andrew Wiggins,1610612750.0,Minnesota,Timberwolves,MIN,0,0,,,,,,0,0,,,,,,0
0021400407,321,1,82,3,8:37 PM,2:52,,,Miles 12' Driving Bank Shot (17 PTS),69 - 62,-7,5,101139,CJ Miles,1610612754.0,Indiana,Pacers,IND,0,0,,,,,,0,0,,,,,,1
0021400407,322,2,1,3,8:37 PM,2:35,MISS Bennett 19' Jump Shot,,,,,4,203461,Anthony Bennett,1610612750.0,Minnesota,Timberwolves,MIN,0,0,,,,,,0,0,,,,,,1
0021400407,323,4,0,3,8:37 PM,2:34,,,Hibbert REBOUND (Off:1 Def:7),,,5,201579,Roy Hibbert,1610612754.0,Indiana,Pacers,IND,0,0,,,,,,0,0,,,,,,1
0021400407,324,2,58,3,8:37 PM,2:20,,,MISS Allen 9' Turnaround Hook Shot,,,5,202730,Lavoy Allen,1610612754.0,Indiana,Pacers,IND,0,0,,,,,,0,0,,,,,,1
0021400407,325,4,0,3,8:38 PM,2:19,,,Pacers Rebound,,,3,1610612754,,,,,,0,0,,,,,,0,0,,,,,,0
0021400407,326,8,0,3,8:38 PM,2:19,,,SUB: S. Hill FOR Stuckey,,,5,201155,Rodney Stuckey,1610612754.0,Indiana,Pacers,IND,5,203524,Solomon Hill,1610612754.0,Indiana,Pacers,IND,0,0,,,,,,0
0021400407,327,8,0,3,8:38 PM,2:19,SUB: Williams FOR LaVine,,,,,4,203897,Zach LaVine,1610612750.0,Minnesota,Timberwolves,MIN,4,2590,Mo Williams,1610612750.0,Minnesota,Timberwolves,MIN,0,0,,,,,,0
0021400407,328,5,15,3,8:38 PM,2:15,,,Allen Offensive Goaltending Turnover (P1.T11),,,5,202730,Lavoy Allen,1610612754.0,Indiana,Pacers,IND,0,0,,,,,,1,0,,,,,,1
0021400407,329,1,1,3,8:39 PM,2:00,Williams 14' Jump Shot (15 PTS) (Dieng 2 AST),,,69 - 64,-5,4,2590,Mo Williams,1610612750.0,Minnesota,Timberwolves,MIN,4,203476,Gorgui Dieng,1610612750.0,Minnesota,Timberwolves,MIN,0,0,,,,,,1
0021400407,330,2,1,3,8:39 PM,1:43,,,MISS Allen 17' Jump Shot,,,5,202730,Lavoy Allen,1610612754.0,Indiana,Pacers,IND,0,0,,,,,,0,0,,,,,,1
0021400407,331,4,0,3,8:39 PM,1:41,Wiggins REBOUND (Off:0 Def:6),,,,,4,203952,Andrew Wiggins,1610612750.0,Minnesota,Timberwolves,MIN,0,0,,,,,,0,0,,,,,,1
0021400407,332,1,83,3,8:39 PM,1:30,Dieng 13' Fadeaway Bank Shot (8 PTS) (Williams 5 AST),,,69 - 66,-3,4,203476,Gorgui Dieng,1610612750.0,Minnesota,Timberwolves,MIN,4,2590,Mo Williams,1610612750.0,Minnesota,Timberwolves,MIN,0,0,,,,,,1
0021400407,333,1,75,3,8:40 PM,1:04,,,Sloan 3' Driving Finger Roll Layup (2 PTS),71 - 66,-5,5,202388,Donald Sloan,1610612754.0,Indiana,Pacers,IND,0,0,,,,,,0,0,,,,,,1
0021400407,334,1,1,3,8:40 PM,0:45,Budinger 15' Jump Shot (10 PTS) (Williams 6 AST),,,71 - 68,-3,4,201978,Chase Budinger,1610612750.0,Minnesota,Timberwolves,MIN,4,2590,Mo Williams,1610612750.0,Minnesota,Timberwolves,MIN,0,0,,,,,,1
0021400407,335,2,78,3,8:40 PM,0:30,,,MISS Miles 13' Floating Jump Shot,,,5,101139,CJ Miles,1610612754.0,Indiana,Pacers,IND,0,0,,,,,,0,0,,,,,,1
0021400407,336,4,0,3,8:40 PM,0:30,,,Allen REBOUND (Off:2 Def:1),,,5,202730,Lavoy Allen,1610612754.0,Indiana,Pacers,IND,0,0,,,,,,0,0,,,,,,1
0021400407,337,1,5,3,8:40 PM,0:29,,,Allen 2' Layup (2 PTS),73 - 68,-5,5,202730,Lavoy Allen,1610612754.0,Indiana,Pacers,IND,0,0,,,,,,0,0,,,,,,1
0021400407,338,5,2,3,8:41 PM,0:06,Budinger Lost Ball Turnover (P1.T12),,Hibbert STEAL (1 STL),,,4,201978,Chase Budinger,1610612750.0,Minnesota,Timberwolves,MIN,5,201579,Roy Hibbert,1610612754.0,Indiana,Pacers,IND,0,0,,,,,,1
0021400407,339,1,5,3,8:41 PM,0:01,,,Miles 2' Layup (19 PTS) (Sloan 6 AST),75 - 68,-7,5,101139,CJ Miles,1610612754.0,Indiana,Pacers,IND,5,202388,Donald Sloan,1610612754.0,Indiana,Pacers,IND,0,0,,,,,,1
0021400407,340,2,1,3,8:41 PM,0:00,MISS Williams 42' 3PT Jump Shot,,,,,4,2590,Mo Williams,1610612750.0,Minnesota,Timberwolves,MIN,0,0,,,,,,0,0,,,,,,1
0021400407,341,4,0,3,8:41 PM,0:00,TIMBERWOLVES Rebound,,,,,2,1610612750,,,,,,0,0,,,,,,0,0,,,,,,0
0021400407,344,18,0,3,8:42 PM,0:00,,,,,,0,265,Harvey Grant,,,,,0,0,,,,,,1,0,,,,,,0
0021400407,345,13,0,3,8:42 PM,0:00,,,,75 - 68,-7,0,0,,,,,,0,0,,,,,,0,0,,,,,,0
0021400407,347,12,0,4,8:43 PM,12:00,,,,75 - 68,-7,0,0,,,,,,0,0,,,,,,0,0,,,,,,0
0021400407,348,1,47,4,8:44 PM,11:45,Muhammad 7' Turnaround Jump Shot (15 PTS) (Williams 7 AST),,,75 - 70,-5,4,203498,Shabazz Muhammad,1610612750.0,Minnesota,Timberwolves,MIN,4,2590,Mo Williams,1610612750.0,Minnesota,Timberwolves,MIN,0,0,,,,,,1
0021400407,349,2,1,4,8:44 PM,11:23,,,MISS Miles 26' 3PT Jump Shot,,,5,101139,CJ Miles,1610612754.0,Indiana,Pacers,IND,0,0,,,,,,0,0,,,,,,1
0021400407,350,4,0,4,8:44 PM,11:22,Bennett REBOUND (Off:0 Def:3),,,,,4,203461,Anthony Bennett,1610612750.0,Minnesota,Timberwolves,MIN,0,0,,,,,,0,0,,,,,,1
0021400407,351,2,58,4,8:44 PM,11:14,MISS Muhammad 11' Turnaround Hook Shot,,,,,4,203498,Shabazz Muhammad,1610612750.0,Minnesota,Timberwolves,MIN,0,0,,,,,,0,0,,,,,,1
0021400407,352,4,0,4,8:44 PM,11:12,,,S. Hill REBOUND (Off:0 Def:4),,,5,203524,Solomon Hill,1610612754.0,Indiana,Pacers,IND,0,0,,,,,,0,0,,,,,,1
0021400407,353,5,1,4,8:44 PM,11:03,Budinger STEAL (1 STL),,Sloan Bad Pass Turnover (P1.T12),,,5,202388,Donald Sloan,1610612754.0,Indiana,Pacers,IND,4,201978,Chase Budinger,1610612750.0,Minnesota,Timberwolves,MIN,0,0,,,,,,1
0021400407,354,1,1,4,8:45 PM,10:55,Budinger 26' 3PT Jump Shot (13 PTS) (Williams 8 AST),,,75 - 73,-2,4,201978,Chase Budinger,1610612750.0,Minnesota,Timberwolves,MIN,4,2590,Mo Williams,1610612750.0,Minnesota,Timberwolves,MIN,0,0,,,,,,1
0021400407,355,1,80,4,8:45 PM,10:28,,,Sloan 17' Step Back Jump Shot (4 PTS),77 - 73,-4,5,202388,Donald Sloan,1610612754.0,Indiana,Pacers,IND,0,0,,,,,,0,0,,,,,,1
0021400407,356,2,56,4,8:46 PM,9:59,MISS Dieng 7' Running Hook Shot,,,,,4,203476,Gorgui Dieng,1610612750.0,Minnesota,Timberwolves,MIN,0,0,,,,,,0,0,,,,,,1
0021400407,357,4,0,4,8:46 PM,9:57,,,Allen REBOUND (Off:2 Def:2),,,5,202730,Lavoy Allen,1610612754.0,Indiana,Pacers,IND,0,0,,,,,,0,0,,,,,,1
0021400407,358,2,1,4,8:46 PM,9:51,,,MISS Sloan 26' 3PT Jump Shot,,,5,202388,Donald Sloan,1610612754.0,Indiana,Pacers,IND,0,0,,,,,,0,0,,,,,,1
0021400407,359,4,0,4,8:46 PM,9:49,Bennett REBOUND (Off:0 Def:4),,,,,4,203461,Anthony Bennett,1610612750.0,Minnesota,Timberwolves,MIN,0,0,,,,,,0,0,,,,,,1
0021400407,360,6,1,4,8:46 PM,9:46,,,Miles P.FOUL (P3.T1),,,5,101139,CJ Miles,1610612754.0,Indiana,Pacers,IND,4,203498,Shabazz Muhammad,1610612750.0,Minnesota,Timberwolves,MIN,1,0,,,,,,1
0021400407,361,1,7,4,8:46 PM,9:41,Muhammad  Dunk (17 PTS) (Dieng 3 AST),,,77 - 75,-2,4,203498,Shabazz Muhammad,1610612750.0,Minnesota,Timberwolves,MIN,4,203476,Gorgui Dieng,1610612750.0,Minnesota,Timberwolves,MIN,0,0,,,,,,1
0021400407,363,8,0,4,8:47 PM,9:24,SUB: Adrien FOR Dieng,,,,,4,203476,Gorgui Dieng,1610612750.0,Minnesota,Timberwolves,MIN,4,202399,Jeff Adrien,1610612750.0,Minnesota,Timberwolves,MIN,0,0,,,,,,0
0021400407,364,2,1,4,8:47 PM,9:18,,,MISS Sloan 25' 3PT Jump Shot,,,5,202388,Donald Sloan,1610612754.0,Indiana,Pacers,IND,0,0,,,,,,0,0,,,,,,1
0021400407,365,4,0,4,8:47 PM,9:16,,,Allen REBOUND (Off:3 Def:2),,,5,202730,Lavoy Allen,1610612754.0,Indiana,Pacers,IND,0,0,,,,,,0,0,,,,,,1
0021400407,366,1,75,4,8:47 PM,9:11,,,Sloan 4' Driving Finger Roll Layup (6 PTS),79 - 75,-4,5,202388,Donald Sloan,1610612754.0,Indiana,Pacers,IND,0,0,,,,,,0,0,,,,,,1
0021400407,367,5,2,4,8:47 PM,9:08,Williams Lost Ball Turnover (P3.T13),,Sloan STEAL (1 STL),,,4,2590,Mo Williams,1610612750.0,Minnesota,Timberwolves,MIN,5,202388,Donald Sloan,1610612754.0,Indiana,Pacers,IND,0,0,,,,,,1
0021400407,368,2,1,4,8:47 PM,8:57,,,MISS Miles  3PT Jump Shot,,,5,101139,CJ Miles,1610612754.0,Indiana,Pacers,IND,0,0,,,,,,0,0,,,,,,1
0021400407,369,4,0,4,8:47 PM,8:52,,,Miles REBOUND (Off:1 Def:4),,,5,101139,CJ Miles,1610612754.0,Indiana,Pacers,IND,0,0,,,,,,0,0,,,,,,1
0021400407,370,1,42,4,8:47 PM,8:46,,,Sloan 2' Driving Layup (8 PTS),81 - 75,-6,5,202388,Donald Sloan,1610612754.0,Indiana,Pacers,IND,0,0,,,,,,0,0,,,,,,1
0021400407,371,9,1,4,8:47 PM,8:43,TIMBERWOLVES Timeout: Regular (Full 4 Short 1),,,,,2,1610612750,,,,,,0,0,,,,,,0,0,,,,,,0
0021400407,373,8,0,4,8:50 PM,8:43,SUB: Young FOR Bennett,,,,,4,203461,Anthony Bennett,1610612750.0,Minnesota,Timberwolves,MIN,4,201152,Thaddeus Young,1610612750.0,Minnesota,Timberwolves,MIN,0,0,,,,,,0
0021400407,374,8,0,4,8:50 PM,8:43,,,SUB: Stuckey FOR Miles,,,5,101139,CJ Miles,1610612754.0,Indiana,Pacers,IND,5,201155,Rodney Stuckey,1610612754.0,Indiana,Pacers,IND,0,0,,,,,,0
0021400407,375,6,1,4,8:50 PM,8:32,,,Stuckey P.FOUL (P4.T2),,,5,201155,Rodney Stuckey,1610612754.0,Indiana,Pacers,IND,4,203498,Shabazz Muhammad,1610612750.0,Minnesota,Timberwolves,MIN,1,0,,,,,,1
0021400407,376,6,2,4,8:51 PM,8:26,,,S. Hill S.FOUL (P2.T3),,,5,203524,Solomon Hill,1610612754.0,Indiana,Pacers,IND,4,203498,Shabazz Muhammad,1610612750.0,Minnesota,Timberwolves,MIN,1,0,,,,,,1
0021400407,377,3,11,4,8:51 PM,8:26,Muhammad Free Throw 1 of 2 (18 PTS),,,81 - 76,-5,4,203498,Shabazz Muhammad,1610612750.0,Minnesota,Timberwolves,MIN,0,0,,,,,,0,0,,,,,,0
0021400407,379,3,12,4,8:51 PM,8:26,Muhammad Free Throw 2 of 2 (19 PTS),,,81 - 77,-4,4,203498,Shabazz Muhammad,1610612750.0,Minnesota,Timberwolves,MIN,0,0,,,,,,0,0,,,,,,0
0021400407,381,2,1,4,8:51 PM,8:10,,,MISS Scola 4' Jump Shot,,,5,2449,Luis Scola,1610612754.0,Indiana,Pacers,IND,0,0,,,,,,0,0,,,,,,1
0021400407,382,4,0,4,8:52 PM,8:09,Adrien REBOUND (Off:0 Def:5),,,,,4,202399,Jeff Adrien,1610612750.0,Minnesota,Timberwolves,MIN,0,0,,,,,,0,0,,,,,,1
0021400407,383,2,1,4,8:52 PM,7:55,MISS Muhammad 7' Jump Shot,,,,,4,203498,Shabazz Muhammad,1610612750.0,Minnesota,Timberwolves,MIN,0,0,,,,,,0,0,,,,,,1
0021400407,384,4,0,4,8:52 PM,7:54,,,Pacers Rebound,,,3,1610612754,,,,,,0,0,,,,,,0,0,,,,,,0
0021400407,385,6,3,4,8:52 PM,7:54,Adrien L.B.FOUL (P2.T1),,,,,4,202399,Jeff Adrien,1610612750.0,Minnesota,Timberwolves,MIN,5,202730,Lavoy Allen,1610612754.0,Indiana,Pacers,IND,1,0,,,,,,1
0021400407,386,8,0,4,8:52 PM,7:54,,,SUB: West FOR Allen,,,5,202730,Lavoy Allen,1610612754.0,Indiana,Pacers,IND,5,2561,David West,1610612754.0,Indiana,Pacers,IND,0,0,,,,,,0
0021400407,387,2,1,4,8:52 PM,7:38,,,MISS Scola 18' Jump Shot,,,5,2449,Luis Scola,1610612754.0,Indiana,Pacers,IND,0,0,,,,,,0,0,,,,,,1
0021400407,388,4,0,4,8:52 PM,7:37,Muhammad REBOUND (Off:2 Def:4),,,,,4,203498,Shabazz Muhammad,1610612750.0,Minnesota,Timberwolves,MIN,0,0,,,,,,0,0,,,,,,1
0021400407,389,2,42,4,8:53 PM,7:31,MISS Muhammad 1' Driving Layup,,,,,4,203498,Shabazz Muhammad,1610612750.0,Minnesota,Timberwolves,MIN,0,0,,,,,,0,0,,,,,,1
0021400407,390,4,0,4,8:53 PM,7:29,,,West REBOUND (Off:1 Def:2),,,5,2561,David West,1610612754.0,Indiana,Pacers,IND,0,0,,,,,,0,0,,,,,,1
0021400407,391,1,42,4,8:53 PM,7:25,,,Sloan 1' Driving Layup (10 PTS),83 - 77,-6,5,202388,Donald Sloan,1610612754.0,Indiana,Pacers,IND,0,0,,,,,,0,0,,,,,,1
0021400407,392,1,65,4,8:53 PM,7:05,Young 6' Jump Hook Shot (6 PTS) (Williams 9 AST),,,83 - 79,-4,4,201152,Thaddeus Young,1610612750.0,Minnesota,Timberwolves,MIN,4,2590,Mo Williams,1610612750.0,Minnesota,Timberwolves,MIN,0,0,,,,,,1
0021400407,393,1,1,4,8:53 PM,6:47,,,West 20' Jump Shot (10 PTS) (Sloan 7 AST),85 - 79,-6,5,2561,David West,1610612754.0,Indiana,Pacers,IND,5,202388,Donald Sloan,1610612754.0,Indiana,Pacers,IND,0,0,,,,,,1
0021400407,394,1,84,4,8:54 PM,6:31,Young 8' Running Bank Shot (8 PTS) (Williams 10 AST),,,85 - 81,-4,4,201152,Thaddeus Young,1610612750.0,Minnesota,Timberwolves,MIN,4,2590,Mo Williams,1610612750.0,Minnesota,Timberwolves,MIN,0,0,,,,,,1
0021400407,396,8,0,4,8:54 PM,6:08,SUB: Wiggins FOR Muhammad,,,,,4,203498,Shabazz Muhammad,1610612750.0,Minnesota,Timberwolves,MIN,4,203952,Andrew Wiggins,1610612750.0,Minnesota,Timberwolves,MIN,0,0,,,,,,0
0021400407,397,8,0,4,8:54 PM,6:08,,,SUB: Miles FOR S. Hill,,,5,203524,Solomon Hill,1610612754.0,Indiana,Pacers,IND,5,101139,CJ Miles,1610612754.0,Indiana,Pacers,IND,0,0,,,,,,0
0021400407,398,2,1,4,8:54 PM,6:02,,,MISS Stuckey 18' Jump Shot,,,5,201155,Rodney Stuckey,1610612754.0,Indiana,Pacers,IND,0,0,,,,,,0,0,,,,,,1
0021400407,399,4,0,4,8:55 PM,6:01,,,West REBOUND (Off:2 Def:2),,,5,2561,David West,1610612754.0,Indiana,Pacers,IND,0,0,,,,,,0,0,,,,,,1
0021400407,400,2,5,4,8:55 PM,5:58,Adrien BLOCK (1 BLK),,MISS West 3' Layup,,,5,2561,David West,1610612754.0,Indiana,Pacers,IND,0,0,,,,,,4,202399,Jeff Adrien,1610612750.0,Minnesota,Timberwolves,MIN,1
0021400407,401,4,0,4,8:55 PM,5:57,Budinger REBOUND (Off:0 Def:4),,,,,4,201978,Chase Budinger,1610612750.0,Minnesota,Timberwolves,MIN,0,0,,,,,,0,0,,,,,,1
0021400407,402,6,1,4,8:55 PM,5:52,,,Sloan P.FOUL (P1.T4),,,5,202388,Donald Sloan,1610612754.0,Indiana,Pacers,IND,4,203952,Andrew Wiggins,1610612750.0,Minnesota,Timberwolves,MIN,1,0,,,,,,1
0021400407,404,9,1,4,8:55 PM,5:52,,,,,,1,0,,,,,,0,0,,,,,,0,0,,,,,,0
0021400407,405,2,1,4,8:57 PM,5:48,MISS Budinger 18' Jump Shot,,Stuckey BLOCK (1 BLK),,,4,201978,Chase Budinger,1610612750.0,Minnesota,Timberwolves,MIN,0,0,,,,,,5,201155,Rodney Stuckey,1610612754.0,Indiana,Pacers,IND,1
0021400407,406,4,0,4,8:57 PM,5:47,,,Pacers Rebound,,,3,1610612754,,,,,,0,0,,,,,,0,0,,,,,,0
0021400407,407,1,63,4,8:58 PM,5:26,,,West 14' Fadeaway Jumper (12 PTS),87 - 81,-6,5,2561,David West,1610612754.0,Indiana,Pacers,IND,0,0,,,,,,0,0,,,,,,1
0021400407,408,2,1,4,8:58 PM,5:11,MISS Young 18' Jump Shot,,,,,4,201152,Thaddeus Young,1610612750.0,Minnesota,Timberwolves,MIN,0,0,,,,,,0,0,,,,,,1
0021400407,410,4,0,4,8:58 PM,5:09,Wiggins REBOUND (Off:1 Def:6),,,,,4,203952,Andrew Wiggins,1610612750.0,Minnesota,Timberwolves,MIN,0,0,,,,,,0,0,,,,,,1
0021400407,409,1,54,4,8:58 PM,5:09,Wiggins  Running Tip Shot (5 PTS),,,87 - 83,-4,4,203952,Andrew Wiggins,1610612750.0,Minnesota,Timberwolves,MIN,0,0,,,,,,0,0,,,,,,1
0021400407,411,2,1,4,8:58 PM,4:45,,,MISS Sloan 14' Jump Shot,,,5,202388,Donald Sloan,1610612754.0,Indiana,Pacers,IND,0,0,,,,,,0,0,,,,,,1
0021400407,412,4,0,4,8:58 PM,4:44,Adrien REBOUND (Off:0 Def:6),,,,,4,202399,Jeff Adrien,1610612750.0,Minnesota,Timberwolves,MIN,0,0,,,,,,0,0,,,,,,1
0021400407,413,6,27,4,8:59 PM,4:42,,,Stuckey Personal Block Foul (P5.PN),,,5,201155,Rodney Stuckey,1610612754.0,Indiana,Pacers,IND,4,2590,Mo Williams,1610612750.0,Minnesota,Timberwolves,MIN,1,0,,,,,,1
0021400407,414,3,11,4,8:59 PM,4:42,Williams Free Throw 1 of 2 (16 PTS),,,87 - 84,-3,4,2590,Mo Williams,1610612750.0,Minnesota,Timberwolves,MIN,0,0,,,,,,0,0,,,,,,0
0021400407,416,8,0,4,8:59 PM,4:42,,,SUB: Watson FOR Sloan,,,5,202388,Donald Sloan,1610612754.0,Indiana,Pacers,IND,5,201228,C.J. Watson,1610612754.0,Indiana,Pacers,IND,0,0,,,,,,0
0021400407,417,8,0,4,8:59 PM,4:42,,,SUB: S. Hill FOR Stuckey,,,5,201155,Rodney Stuckey,1610612754.0,Indiana,Pacers,IND,5,203524,Solomon Hill,1610612754.0,Indiana,Pacers,IND,0,0,,,,,,0
0021400407,418,3,12,4,8:59 PM,4:42,Williams Free Throw 2 of 2 (17 PTS),,,87 - 85,-2,4,2590,Mo Williams,1610612750.0,Minnesota,Timberwolves,MIN,0,0,,,,,,0,0,,,,,,0
0021400407,420,6,27,4,9:00 PM,4:29,Young Personal Block Foul (P2.T2),,,,,4,201152,Thaddeus Young,1610612750.0,Minnesota,Timberwolves,MIN,5,2449,Luis Scola,1610612754.0,Indiana,Pacers,IND,1,0,,,,,,1
0021400407,421,5,2,4,9:00 PM,4:16,Adrien STEAL (1 STL),,West Lost Ball Turnover (P1.T13),,,5,2561,David West,1610612754.0,Indiana,Pacers,IND,4,202399,Jeff Adrien,1610612750.0,Minnesota,Timberwolves,MIN,0,0,,,,,,1
0021400407,422,2,1,4,9:00 PM,4:08,MISS Budinger 26' 3PT Jump Shot,,,,,4,201978,Chase Budinger,1610612750.0,Minnesota,Timberwolves,MIN,0,0,,,,,,0,0,,,,,,1
0021400407,423,4,0,4,9:00 PM,4:07,,,Pacers Rebound,,,3,1610612754,,,,,,0,0,,,,,,0,0,,,,,,0
0021400407,424,6,1,4,9:01 PM,3:59,Young P.FOUL (P3.T3),,,,,4,201152,Thaddeus Young,1610612750.0,Minnesota,Timberwolves,MIN,5,2449,Luis Scola,1610612754.0,Indiana,Pacers,IND,1,0,,,,,,1
0021400407,425,8,0,4,9:01 PM,3:59,SUB: Muhammad FOR Budinger,,,,,4,201978,Chase Budinger,1610612750.0,Minnesota,Timberwolves,MIN,4,203498,Shabazz Muhammad,1610612750.0,Minnesota,Timberwolves,MIN,0,0,,,,,,0
0021400407,426,8,0,4,9:01 PM,3:59,,,SUB: Hibbert FOR Scola,,,5,2449,Luis Scola,1610612754.0,Indiana,Pacers,IND,5,201579,Roy Hibbert,1610612754.0,Indiana,Pacers,IND,0,0,,,,,,0
0021400407,427,8,0,4,9:01 PM,3:59,SUB: Dieng FOR Adrien,,,,,4,202399,Jeff Adrien,1610612750.0,Minnesota,Timberwolves,MIN,4,203476,Gorgui Dieng,1610612750.0,Minnesota,Timberwolves,MIN,0,0,,,,,,0
0021400407,428,2,1,4,9:01 PM,3:50,,,MISS Miles 25' 3PT Jump Shot,,,5,101139,CJ Miles,1610612754.0,Indiana,Pacers,IND,0,0,,,,,,0,0,,,,,,1
0021400407,429,4,0,4,9:01 PM,3:49,Dieng REBOUND (Off:3 Def:4),,,,,4,203476,Gorgui Dieng,1610612750.0,Minnesota,Timberwolves,MIN,0,0,,,,,,0,0,,,,,,1
0021400407,430,1,79,4,9:02 PM,3:37,Williams 20' Pullup Jump Shot (19 PTS),,,87 - 87,TIE,4,2590,Mo Williams,1610612750.0,Minnesota,Timberwolves,MIN,0,0,,,,,,0,0,,,,,,1
0021400407,431,9,1,4,9:02 PM,3:27,,,Pacers Timeout: Regular (Reg.4 Short 0),,,3,1610612754,,,,,,0,0,,,,,,0,0,,,,,,0
0021400407,433,1,1,4,9:04 PM,3:15,,,Miles 5' Jump Shot (21 PTS) (S. Hill 3 AST),89 - 87,-2,5,101139,CJ Miles,1610612754.0,Indiana,Pacers,IND,5,203524,Solomon Hill,1610612754.0,Indiana,Pacers,IND,0,0,,,,,,1
0021400407,434,7,5,4,9:05 PM,3:03,,,Watson Violation:Kicked Ball,,,5,201228,C.J. Watson,1610612754.0,Indiana,Pacers,IND,0,0,,,,,,1,0,,,,,,0
0021400407,435,2,1,4,9:05 PM,2:56,MISS Williams 20' Jump Shot,,,,,4,2590,Mo Williams,1610612750.0,Minnesota,Timberwolves,MIN,0,0,,,,,,0,0,,,,,,1
0021400407,436,4,0,4,9:05 PM,2:54,Wiggins REBOUND (Off:2 Def:6),,,,,4,203952,Andrew Wiggins,1610612750.0,Minnesota,Timberwolves,MIN,0,0,,,,,,0,0,,,,,,1
0021400407,437,1,1,4,9:05 PM,2:50,Williams 25' 3PT Jump Shot (22 PTS) (Young 2 AST),,,89 - 90,1,4,2590,Mo Williams,1610612750.0,Minnesota,Timberwolves,MIN,4,201152,Thaddeus Young,1610612750.0,Minnesota,Timberwolves,MIN,0,0,,,,,,1
0021400407,438,1,5,4,9:06 PM,2:31,,,Hibbert 1' Layup (15 PTS) (Watson 4 AST),91 - 90,-1,5,201579,Roy Hibbert,1610612754.0,Indiana,Pacers,IND,5,201228,C.J. Watson,1610612754.0,Indiana,Pacers,IND,0,0,,,,,,1
0021400407,439,1,79,4,9:06 PM,2:17,Williams 23' Pullup Jump Shot (24 PTS),,,91 - 92,1,4,2590,Mo Williams,1610612750.0,Minnesota,Timberwolves,MIN,0,0,,,,,,0,0,,,,,,1
0021400407,440,1,1,4,9:06 PM,2:00,,,Miles 26' 3PT Jump Shot (24 PTS) (S. Hill 4 AST),94 - 92,-2,5,101139,CJ Miles,1610612754.0,Indiana,Pacers,IND,5,203524,Solomon Hill,1610612754.0,Indiana,Pacers,IND,0,0,,,,,,1
0021400407,441,2,1,4,9:06 PM,1:47,MISS Williams 25' 3PT Jump Shot,,,,,4,2590,Mo Williams,1610612750.0,Minnesota,Timberwolves,MIN,0,0,,,,,,0,0,,,,,,1
0021400407,442,4,0,4,9:06 PM,1:46,Wiggins REBOUND (Off:3 Def:6),,,,,4,203952,Andrew Wiggins,1610612750.0,Minnesota,Timberwolves,MIN,0,0,,,,,,0,0,,,,,,1
0021400407,443,6,2,4,9:07 PM,1:36,,,Hibbert S.FOUL (P1.PN),,,5,201579,Roy Hibbert,1610612754.0,Indiana,Pacers,IND,4,203476,Gorgui Dieng,1610612750.0,Minnesota,Timberwolves,MIN,1,0,,,,,,1
0021400407,444,3,11,4,9:07 PM,1:36,Dieng Free Throw 1 of 2 (9 PTS),,,94 - 93,-1,4,203476,Gorgui Dieng,1610612750.0,Minnesota,Timberwolves,MIN,0,0,,,,,,0,0,,,,,,0
0021400407,446,3,12,4,9:07 PM,1:36,Dieng Free Throw 2 of 2 (10 PTS),,,94 - 94,TIE,4,203476,Gorgui Dieng,1610612750.0,Minnesota,Timberwolves,MIN,0,0,,,,,,0,0,,,,,,0
0021400407,448,2,1,4,9:08 PM,1:19,,,MISS West 7' Jump Shot,,,5,2561,David West,1610612754.0,Indiana,Pacers,IND,0,0,,,,,,0,0,,,,,,1
0021400407,449,4,0,4,9:08 PM,1:18,Williams REBOUND (Off:0 Def:2),,,,,4,2590,Mo Williams,1610612750.0,Minnesota,Timberwolves,MIN,0,0,,,,,,0,0,,,,,,1
0021400407,450,6,26,4,9:08 PM,1:14,Muhammad Offensive Charge Foul (P2.T4),,,,,4,203498,Shabazz Muhammad,1610612750.0,Minnesota,Timberwolves,MIN,5,203524,Solomon Hill,1610612754.0,Indiana,Pacers,IND,1,0,,,,,,1
0021400407,451,5,5,4,9:08 PM,1:14,Muhammad Foul Turnover (P3.T14),,,,,4,203498,Shabazz Muhammad,1610612750.0,Minnesota,Timberwolves,MIN,0,0,,,,,,1,0,,,,,,1
0021400407,452,2,3,4,9:08 PM,0:54,,,MISS Hibbert 7' Hook Shot,,,5,201579,Roy Hibbert,1610612754.0,Indiana,Pacers,IND,0,0,,,,,,0,0,,,,,,1
0021400407,453,4,0,4,9:08 PM,0:53,,,Miles REBOUND (Off:2 Def:4),,,5,101139,CJ Miles,1610612754.0,Indiana,Pacers,IND,0,0,,,,,,0,0,,,,,,1
0021400407,454,9,2,4,9:09 PM,0:50,,,Pacers Timeout: Short (Reg.4 Short 1),,,3,1610612754,,,,,,0,0,,,,,,0,0,,,,,,0
0021400407,456,1,1,4,9:10 PM,0:34,,,West 5' Jump Shot (14 PTS),96 - 94,-2,5,2561,David West,1610612754.0,Indiana,Pacers,IND,0,0,,,,,,0,0,,,,,,1
0021400407,457,5,39,4,9:11 PM,0:22,Wiggins Step Out of Bounds Turnover (P1.T15),,,,,4,203952,Andrew Wiggins,1610612750.0,Minnesota,Timberwolves,MIN,0,0,,,,,,1,0,,,,,,1
0021400407,458,18,0,4,9:12 PM,0:22,,,,,,0,457,Andrew Lang,,,,,0,0,,,,,,1,0,,,,,,0
0021400407,460,9,2,4,9:16 PM,0:22,,,Pacers Timeout: Short (Reg.4 Short 2),,,3,1610612754,,,,,,0,0,,,,,,0,0,,,,,,0
0021400407,459,8,0,4,9:16 PM,0:22,SUB: Hummel FOR Dieng,,,,,4,203476,Gorgui Dieng,1610612750.0,Minnesota,Timberwolves,MIN,4,203133,Robbie Hummel,1610612750.0,Minnesota,Timberwolves,MIN,0,0,,,,,,0
0021400407,461,8,0,4,9:17 PM,0:22,SUB: Budinger FOR Muhammad,,,,,4,203498,Shabazz Muhammad,1610612750.0,Minnesota,Timberwolves,MIN,4,201978,Chase Budinger,1610612750.0,Minnesota,Timberwolves,MIN,0,0,,,,,,0
0021400407,462,8,0,4,9:17 PM,0:22,,,SUB: Stuckey FOR S. Hill,,,5,203524,Solomon Hill,1610612754.0,Indiana,Pacers,IND,5,201155,Rodney Stuckey,1610612754.0,Indiana,Pacers,IND,0,0,,,,,,0
0021400407,463,8,0,4,9:17 PM,0:22,,,SUB: Scola FOR Hibbert,,,5,201579,Roy Hibbert,1610612754.0,Indiana,Pacers,IND,5,2449,Luis Scola,1610612754.0,Indiana,Pacers,IND,0,0,,,,,,0
0021400407,465,6,28,4,9:17 PM,0:19,Williams Personal Take Foul (P2.PN),,,,,4,2590,Mo Williams,1610612750.0,Minnesota,Timberwolves,MIN,5,201228,C.J. Watson,1610612754.0,Indiana,Pacers,IND,1,0,,,,,,1
0021400407,466,9,2,4,9:18 PM,0:19,TIMBERWOLVES Timeout: Short (Full 4 Short 2),,,,,2,1610612750,,,,,,0,0,,,,,,0,0,,,,,,0
0021400407,467,6,28,4,9:19 PM,0:11,Hummel Personal Take Foul (P2.PN),,,,,4,203133,Robbie Hummel,1610612750.0,Minnesota,Timberwolves,MIN,5,101139,CJ Miles,1610612754.0,Indiana,Pacers,IND,1,0,,,,,,1
0021400407,468,3,11,4,9:19 PM,0:11,,,Miles Free Throw 1 of 2 (25 PTS),97 - 94,-3,5,101139,CJ Miles,1610612754.0,Indiana,Pacers,IND,0,0,,,,,,0,0,,,,,,1
0021400407,470,8,0,4,9:19 PM,0:11,SUB: Dieng FOR Hummel,,,,,4,203133,Robbie Hummel,1610612750.0,Minnesota,Timberwolves,MIN,4,203476,Gorgui Dieng,1610612750.0,Minnesota,Timberwolves,MIN,0,0,,,,,,0
0021400407,471,3,12,4,9:19 PM,0:11,,,Miles Free Throw 2 of 2 (26 PTS),98 - 94,-4,5,101139,CJ Miles,1610612754.0,Indiana,Pacers,IND,0,0,,,,,,0,0,,,,,,1
0021400407,473,9,1,4,9:20 PM,0:11,TIMBERWOLVES Timeout: Regular (Full 5 Short 2),,,,,2,1610612750,,,,,,0,0,,,,,,0,0,,,,,,0
0021400407,475,8,0,4,9:21 PM,0:11,,,SUB: S. Hill FOR Stuckey,,,5,201155,Rodney Stuckey,1610612754.0,Indiana,Pacers,IND,5,203524,Solomon Hill,1610612754.0,Indiana,Pacers,IND,0,0,,,,,,0
0021400407,476,8,0,4,9:21 PM,0:11,SUB: Hummel FOR Dieng,,,,,4,203476,Gorgui Dieng,1610612750.0,Minnesota,Timberwolves,MIN,4,203133,Robbie Hummel,1610612750.0,Minnesota,Timberwolves,MIN,0,0,,,,,,0
0021400407,477,8,0,4,9:22 PM,0:11,SUB: Daniels FOR Wiggins,,,,,4,203952,Andrew Wiggins,1610612750.0,Minnesota,Timberwolves,MIN,4,203584,Troy Daniels,1610612750.0,Minnesota,Timberwolves,MIN,0,0,,,,,,0
0021400407,478,2,1,4,9:22 PM,0:06,MISS Daniels 22' Jump Shot,,,,,4,203584,Troy Daniels,1610612750.0,Minnesota,Timberwolves,MIN,0,0,,,,,,0,0,,,,,,1
0021400407,479,4,0,4,9:22 PM,0:05,,,Scola REBOUND (Off:0 Def:2),,,5,2449,Luis Scola,1610612754.0,Indiana,Pacers,IND,0,0,,,,,,0,0,,,,,,1
0021400407,480,6,28,4,9:22 PM,0:05,Hummel Personal Take Foul (P3.PN),,,,,4,203133,Robbie Hummel,1610612750.0,Minnesota,Timberwolves,MIN,5,2449,Luis Scola,1610612754.0,Indiana,Pacers,IND,1,0,,,,,,1
0021400407,481,3,11,4,9:22 PM,0:05,,,MISS Scola Free Throw 1 of 2,,,5,2449,Luis Scola,1610612754.0,Indiana,Pacers,IND,0,0,,,,,,0,0,,,,,,1
0021400407,482,4,1,4,9:22 PM,0:05,,,Pacers Rebound,,,3,1610612754,,,,,,0,0,,,,,,0,0,,,,,,0
0021400407,483,8,0,4,9:22 PM,0:05,SUB: Dieng FOR Hummel,,,,,4,203133,Robbie Hummel,1610612750.0,Minnesota,Timberwolves,MIN,4,203476,Gorgui Dieng,1610612750.0,Minnesota,Timberwolves,MIN,0,0,,,,,,0
0021400407,484,3,12,4,9:23 PM,0:05,,,MISS Scola Free Throw 2 of 2,,,5,2449,Luis Scola,1610612754.0,Indiana,Pacers,IND,0,0,,,,,,0,0,,,,,,1
0021400407,486,4,0,4,9:23 PM,0:05,Daniels REBOUND (Off:0 Def:1),,,,,4,203584,Troy Daniels,1610612750.0,Minnesota,Timberwolves,MIN,0,0,,,,,,0,0,,,,,,1
0021400407,487,9,2,4,9:23 PM,0:04,TIMBERWOLVES Timeout: Short (Full 5 Short 3),,,,,2,1610612750,,,,,,0,0,,,,,,0,0,,,,,,0
0021400407,489,8,0,4,9:24 PM,0:04,SUB: Muhammad FOR Dieng,,,,,4,203476,Gorgui Dieng,1610612750.0,Minnesota,Timberwolves,MIN,4,203498,Shabazz Muhammad,1610612750.0,Minnesota,Timberwolves,MIN,0,0,,,,,,0
0021400407,490,1,1,4,9:24 PM,0:02,Muhammad 13' Jump Shot (21 PTS) (Budinger 2 AST),,,98 - 96,-2,4,203498,Shabazz Muhammad,1610612750.0,Minnesota,Timberwolves,MIN,4,201978,Chase Budinger,1610612750.0,Minnesota,Timberwolves,MIN,0,0,,,,,,1
0021400407,491,9,1,4,9:24 PM,0:02,,,Pacers Timeout: Regular (Reg.5 Short 2),,,3,1610612754,,,,,,0,0,,,,,,0,0,,,,,,0
0021400407,493,8,0,4,9:26 PM,0:02,,,SUB: Stuckey FOR S. Hill,,,5,203524,Solomon Hill,1610612754.0,Indiana,Pacers,IND,5,201155,Rodney Stuckey,1610612754.0,Indiana,Pacers,IND,0,0,,,,,,0
0021400407,494,8,0,4,9:26 PM,0:02,SUB: Dieng FOR Muhammad,,,,,4,203498,Shabazz Muhammad,1610612750.0,Minnesota,Timberwolves,MIN,4,203476,Gorgui Dieng,1610612750.0,Minnesota,Timberwolves,MIN,0,0,,,,,,0
0021400407,495,6,28,4,9:26 PM,0:01,Daniels Personal Take Foul (P1.PN),,,,,4,203584,Troy Daniels,1610612750.0,Minnesota,Timberwolves,MIN,5,101139,CJ Miles,1610612754.0,Indiana,Pacers,IND,1,0,,,,,,1
0021400407,496,3,11,4,9:27 PM,0:01,,,Miles Free Throw 1 of 2 (27 PTS),99 - 96,-3,5,101139,CJ Miles,1610612754.0,Indiana,Pacers,IND,0,0,,,,,,0,0,,,,,,1
0021400407,498,8,0,4,9:27 PM,0:01,SUB: Hummel FOR Young,,,,,4,201152,Thaddeus Young,1610612750.0,Minnesota,Timberwolves,MIN,4,203133,Robbie Hummel,1610612750.0,Minnesota,Timberwolves,MIN,0,0,,,,,,0
0021400407,499,8,0,4,9:27 PM,0:01,,,SUB: S. Hill FOR Scola,,,5,2449,Luis Scola,1610612754.0,Indiana,Pacers,IND,5,203524,Solomon Hill,1610612754.0,Indiana,Pacers,IND,0,0,,,,,,0
0021400407,500,3,12,4,9:27 PM,0:01,,,Miles Free Throw 2 of 2 (28 PTS),100 - 96,-4,5,101139,CJ Miles,1610612754.0,Indiana,Pacers,IND,0,0,,,,,,0,0,,,,,,1
0021400407,502,5,1,4,9:28 PM,0:01,Hummel Bad Pass Turnover (P1.T16),,Watson STEAL (2 STL),,,4,203133,Robbie Hummel,1610612750.0,Minnesota,Timberwolves,MIN,5,201228,C.J. Watson,1610612754.0,Indiana,Pacers,IND,0,0,,,,,,1
0021400407,503,13,0,4,9:28 PM,0:00,,,,100 - 96,-4,0,0,,,,,,0,0,,,,,,0,0,,,,,,0
