GAME_ID,EVENTNUM,EVENTMSGTYPE,EVENTMSGACTIONTYPE,PERIOD,WCTIMESTRING,PCTIMESTRING,HOMEDESCRIPTION,NEUTRALDESCRIPTION,VISITORDESCRIPTION,SCORE,SCOREMARGIN,PERSON1TYPE,PLAYER1_ID,PLAYER1_NAME,PLAYER1_TEAM_ID,PLAYER1_TEAM_CITY,PLAYER1_TEAM_NICKNAME,PLAYER1_TEAM_ABBREVIATION,PERSON2TYPE,PLAYER2_ID,PLAYER2_NAME,PLAYER2_TEAM_ID,PLAYER2_TEAM_CITY,PLAYER2_TEAM_NICKNAME,PLAYER2_TEAM_ABBREVIATION,PERSON3TYPE,PLAYER3_ID,PLAYER3_NAME,PLAYER3_TEAM_ID,PLAYER3_TEAM_CITY,PLAYER3_TEAM_NICKNAME,PLAYER3_TEAM_ABBREVIATION,VIDEO_AVAILABLE_FLAG
0021400485,1,12,0,1,7:11 PM,12:00,,,,,,0,0,,,,,,0,0,,,,,,0,0,,,,,,0
0021400485,2,10,0,1,7:11 PM,12:00,Jump Ball Vucevic vs. Plumlee: Tip to Garnett,,,,,4,202696,Nikola Vučević,1610612753.0,Orlando,Magic,ORL,5,203486,Mason Plumlee,1610612751.0,Brooklyn,Nets,BKN,5,708,Kevin Garnett,1610612751.0,Brooklyn,Nets,BKN,1
0021400485,3,5,1,1,7:11 PM,11:42,Payton STEAL (1 STL),,Jack Bad Pass Turnover (P1.T1),,,5,101127,Jarrett Jack,1610612751.0,Brooklyn,Nets,BKN,4,203901,Elfrid Payton,1610612753.0,Orlando,Magic,ORL,0,0,,,,,,1
0021400485,4,2,5,1,7:11 PM,11:33,MISS Vucevic 3' Layup,,,,,4,202696,Nikola Vučević,1610612753.0,Orlando,Magic,ORL,0,0,,,,,,0,0,,,,,,1
0021400485,6,4,0,1,7:11 PM,11:32,Vucevic REBOUND (Off:1 Def:0),,,,,4,202696,Nikola Vučević,1610612753.0,Orlando,Magic,ORL,0,0,,,,,,0,0,,,,,,1
0021400485,5,1,4,1,7:11 PM,11:32,Vucevic 2' Tip Shot (2 PTS),,,0 - 2,2,4,202696,Nikola Vučević,1610612753.0,Orlando,Magic,ORL,0,0,,,,,,0,0,,,,,,1
0021400485,7,5,2,1,7:12 PM,11:07,Payton STEAL (2 STL),,Jack Lost Ball Turnover (P2.T2),,,5,101127,Jarrett Jack,1610612751.0,Brooklyn,Nets,BKN,4,203901,Elfrid Payton,1610612753.0,Orlando,Magic,ORL,0,0,,,,,,1
0021400485,8,1,42,1,7:12 PM,11:02,Oladipo 1' Driving Layup (2 PTS) (Payton 1 AST),,,0 - 4,4,4,203506,Victor Oladipo,1610612753.0,Orlando,Magic,ORL,4,203901,Elfrid Payton,1610612753.0,Orlando,Magic,ORL,0,0,,,,,,1
0021400485,9,5,13,1,7:12 PM,10:45,,,Garnett Backcourt Turnover (P1.T3),,,5,708,Kevin Garnett,1610612751.0,Brooklyn,Nets,BKN,0,0,,,,,,1,0,,,,,,1
0021400485,10,2,84,1,7:13 PM,10:21,MISS Payton 14' Running Bank Shot,,,,,4,203901,Elfrid Payton,1610612753.0,Orlando,Magic,ORL,0,0,,,,,,0,0,,,,,,1
0021400485,12,4,0,1,7:13 PM,10:20,Vucevic REBOUND (Off:2 Def:0),,,,,4,202696,Nikola Vučević,1610612753.0,Orlando,Magic,ORL,0,0,,,,,,0,0,,,,,,1
0021400485,11,2,4,1,7:13 PM,10:20,MISS Vucevic 2' Tip Shot,,,,,4,202696,Nikola Vučević,1610612753.0,Orlando,Magic,ORL,0,0,,,,,,0,0,,,,,,1
0021400485,13,4,0,1,7:13 PM,10:18,Payton REBOUND (Off:1 Def:0),,,,,4,203901,Elfrid Payton,1610612753.0,Orlando,Magic,ORL,0,0,,,,,,0,0,,,,,,1
0021400485,14,2,44,1,7:13 PM,10:13,MISS Payton 1' Reverse Layup,,,,,4,203901,Elfrid Payton,1610612753.0,Orlando,Magic,ORL,0,0,,,,,,0,0,,,,,,1
0021400485,15,4,0,1,7:13 PM,10:11,,,Garnett REBOUND (Off:0 Def:1),,,5,708,Kevin Garnett,1610612751.0,Brooklyn,Nets,BKN,0,0,,,,,,0,0,,,,,,1
0021400485,16,5,2,1,7:13 PM,10:03,Vucevic STEAL (1 STL),,Plumlee Lost Ball Turnover (P1.T4),,,5,203486,Mason Plumlee,1610612751.0,Brooklyn,Nets,BKN,4,202696,Nikola Vučević,1610612753.0,Orlando,Magic,ORL,0,0,,,,,,1
0021400485,17,6,2,1,7:14 PM,9:51,,,Plumlee S.FOUL (P1.T1),,,5,203486,Mason Plumlee,1610612751.0,Brooklyn,Nets,BKN,4,202696,Nikola Vučević,1610612753.0,Orlando,Magic,ORL,1,0,,,,,,1
0021400485,18,3,11,1,7:14 PM,9:51,MISS Vucevic Free Throw 1 of 2,,,,,4,202696,Nikola Vučević,1610612753.0,Orlando,Magic,ORL,0,0,,,,,,0,0,,,,,,0
0021400485,19,4,1,1,7:14 PM,9:51,MAGIC Rebound,,,,,2,1610612753,,,,,,0,0,,,,,,0,0,,,,,,0
0021400485,20,3,12,1,7:14 PM,9:51,Vucevic Free Throw 2 of 2 (3 PTS),,,0 - 5,5,4,202696,Nikola Vučević,1610612753.0,Orlando,Magic,ORL,0,0,,,,,,0,0,,,,,,0
0021400485,22,1,1,1,7:15 PM,9:39,,,Garnett 20' Jump Shot (2 PTS) (Johnson 1 AST),2 - 5,3,5,708,Kevin Garnett,1610612751.0,Brooklyn,Nets,BKN,5,2207,Joe Johnson,1610612751.0,Brooklyn,Nets,BKN,0,0,,,,,,1
0021400485,23,2,42,1,7:15 PM,9:17,MISS O'Quinn 2' Driving Layup,,,,,4,203124,Kyle O'Quinn,1610612753.0,Orlando,Magic,ORL,0,0,,,,,,0,0,,,,,,1
0021400485,24,4,0,1,7:15 PM,9:15,,,Plumlee REBOUND (Off:0 Def:1),,,5,203486,Mason Plumlee,1610612751.0,Brooklyn,Nets,BKN,0,0,,,,,,0,0,,,,,,1
0021400485,25,1,79,1,7:15 PM,9:00,,,Jack 20' Pullup Jump Shot (2 PTS),4 - 5,1,5,101127,Jarrett Jack,1610612751.0,Brooklyn,Nets,BKN,0,0,,,,,,0,0,,,,,,1
0021400485,27,9,2,1,7:15 PM,8:50,MAGIC Timeout: Short (Full 0 Short 1),,,,,2,1610612753,,,,,,0,0,,,,,,0,0,,,,,,0
0021400485,29,1,47,1,7:17 PM,8:25,Vucevic 15' Turnaround Jump Shot (5 PTS) (O'Quinn 1 AST),,,4 - 7,3,4,202696,Nikola Vučević,1610612753.0,Orlando,Magic,ORL,4,203124,Kyle O'Quinn,1610612753.0,Orlando,Magic,ORL,0,0,,,,,,1
0021400485,30,1,1,1,7:17 PM,8:05,,,Johnson 16' Jump Shot (2 PTS) (Karasev 1 AST),6 - 7,1,5,2207,Joe Johnson,1610612751.0,Brooklyn,Nets,BKN,5,203508,Sergey Karasev,1610612751.0,Brooklyn,Nets,BKN,0,0,,,,,,1
0021400485,31,5,1,1,7:18 PM,7:56,O'Quinn Bad Pass Turnover (P1.T1),,,,,4,203124,Kyle O'Quinn,1610612753.0,Orlando,Magic,ORL,0,0,,,,,,0,0,,,,,,1
0021400485,32,1,1,1,7:18 PM,7:45,,,Garnett 18' Jump Shot (4 PTS) (Johnson 2 AST),8 - 7,-1,5,708,Kevin Garnett,1610612751.0,Brooklyn,Nets,BKN,5,2207,Joe Johnson,1610612751.0,Brooklyn,Nets,BKN,0,0,,,,,,1
0021400485,33,2,1,1,7:18 PM,7:28,MISS O'Quinn 25' 3PT Jump Shot,,,,,4,203124,Kyle O'Quinn,1610612753.0,Orlando,Magic,ORL,0,0,,,,,,0,0,,,,,,1
0021400485,34,4,0,1,7:18 PM,7:27,,,Garnett REBOUND (Off:0 Def:2),,,5,708,Kevin Garnett,1610612751.0,Brooklyn,Nets,BKN,0,0,,,,,,0,0,,,,,,1
0021400485,35,2,1,1,7:18 PM,7:17,,,MISS Garnett 21' Jump Shot,,,5,708,Kevin Garnett,1610612751.0,Brooklyn,Nets,BKN,0,0,,,,,,0,0,,,,,,1
0021400485,36,4,0,1,7:18 PM,7:16,Oladipo REBOUND (Off:0 Def:1),,,,,4,203506,Victor Oladipo,1610612753.0,Orlando,Magic,ORL,0,0,,,,,,0,0,,,,,,1
0021400485,37,1,5,1,7:18 PM,7:11,Oladipo 2' Layup (4 PTS),,,8 - 9,1,4,203506,Victor Oladipo,1610612753.0,Orlando,Magic,ORL,0,0,,,,,,0,0,,,,,,1
0021400485,38,1,1,1,7:19 PM,6:47,,,Karasev 15' Jump Shot (2 PTS) (Garnett 1 AST),10 - 9,-1,5,203508,Sergey Karasev,1610612751.0,Brooklyn,Nets,BKN,5,708,Kevin Garnett,1610612751.0,Brooklyn,Nets,BKN,0,0,,,,,,1
0021400485,39,6,2,1,7:19 PM,6:32,,,Plumlee S.FOUL (P2.T2),,,5,203486,Mason Plumlee,1610612751.0,Brooklyn,Nets,BKN,4,202699,Tobias Harris,1610612753.0,Orlando,Magic,ORL,1,0,,,,,,1
0021400485,40,3,11,1,7:19 PM,6:32,Harris Free Throw 1 of 2 (1 PTS),,,10 - 10,TIE,4,202699,Tobias Harris,1610612753.0,Orlando,Magic,ORL,0,0,,,,,,0,0,,,,,,0
0021400485,42,8,0,1,7:20 PM,6:32,,,SUB: Lopez FOR Garnett,,,5,708,Kevin Garnett,1610612751.0,Brooklyn,Nets,BKN,5,201572,Brook Lopez,1610612751.0,Brooklyn,Nets,BKN,0,0,,,,,,0
0021400485,43,3,12,1,7:20 PM,6:32,Harris Free Throw 2 of 2 (2 PTS),,,10 - 11,1,4,202699,Tobias Harris,1610612753.0,Orlando,Magic,ORL,0,0,,,,,,0,0,,,,,,0
0021400485,50,5,1,1,7:20 PM,6:13,Oladipo STEAL (1 STL),,Jack Bad Pass Turnover (P3.T5),,,5,101127,Jarrett Jack,1610612751.0,Brooklyn,Nets,BKN,4,203506,Victor Oladipo,1610612753.0,Orlando,Magic,ORL,0,0,,,,,,1
0021400485,47,1,5,1,7:20 PM,6:03,Harris 3' Layup (4 PTS) (Oladipo 1 AST),,,10 - 13,3,4,202699,Tobias Harris,1610612753.0,Orlando,Magic,ORL,4,203506,Victor Oladipo,1610612753.0,Orlando,Magic,ORL,0,0,,,,,,1
0021400485,48,9,1,1,7:21 PM,5:59,,,Nets Timeout: Regular (Reg.1 Short 0),,,3,1610612751,,,,,,0,0,,,,,,0,0,,,,,,0
0021400485,52,8,0,1,7:23 PM,5:59,,,SUB: Teletovic FOR Plumlee,,,5,203486,Mason Plumlee,1610612751.0,Brooklyn,Nets,BKN,5,203141,Mirza Teletovic,1610612751.0,Brooklyn,Nets,BKN,0,0,,,,,,0
0021400485,53,2,1,1,7:23 PM,5:41,,,MISS Johnson 27' 3PT Jump Shot,,,5,2207,Joe Johnson,1610612751.0,Brooklyn,Nets,BKN,0,0,,,,,,0,0,,,,,,1
0021400485,54,4,0,1,7:23 PM,5:40,,,Lopez REBOUND (Off:1 Def:0),,,5,201572,Brook Lopez,1610612751.0,Brooklyn,Nets,BKN,0,0,,,,,,0,0,,,,,,1
0021400485,55,1,3,1,7:23 PM,5:37,,,Lopez 5' Hook Shot (2 PTS),12 - 13,1,5,201572,Brook Lopez,1610612751.0,Brooklyn,Nets,BKN,0,0,,,,,,0,0,,,,,,1
0021400485,56,2,73,1,7:24 PM,5:19,MISS Oladipo 2' Driving Reverse Layup,,,,,4,203506,Victor Oladipo,1610612753.0,Orlando,Magic,ORL,0,0,,,,,,0,0,,,,,,1
0021400485,57,4,0,1,7:24 PM,5:17,,,Karasev REBOUND (Off:0 Def:1),,,5,203508,Sergey Karasev,1610612751.0,Brooklyn,Nets,BKN,0,0,,,,,,0,0,,,,,,1
0021400485,58,1,1,1,7:24 PM,5:08,,,Karasev  3PT Jump Shot (5 PTS) (Jack 1 AST),15 - 13,-2,5,203508,Sergey Karasev,1610612751.0,Brooklyn,Nets,BKN,5,101127,Jarrett Jack,1610612751.0,Brooklyn,Nets,BKN,0,0,,,,,,1
0021400485,59,1,65,1,7:24 PM,4:47,Vucevic 9' Jump Hook Shot (7 PTS) (Payton 2 AST),,,15 - 15,TIE,4,202696,Nikola Vučević,1610612753.0,Orlando,Magic,ORL,4,203901,Elfrid Payton,1610612753.0,Orlando,Magic,ORL,0,0,,,,,,1
0021400485,60,2,1,1,7:24 PM,4:27,,,MISS Johnson 24' 3PT Jump Shot,,,5,2207,Joe Johnson,1610612751.0,Brooklyn,Nets,BKN,0,0,,,,,,0,0,,,,,,1
0021400485,61,4,0,1,7:24 PM,4:26,Oladipo REBOUND (Off:0 Def:2),,,,,4,203506,Victor Oladipo,1610612753.0,Orlando,Magic,ORL,0,0,,,,,,0,0,,,,,,1
0021400485,62,1,1,1,7:25 PM,4:17,Harris  3PT Jump Shot (7 PTS) (Payton 3 AST),,,15 - 18,3,4,202699,Tobias Harris,1610612753.0,Orlando,Magic,ORL,4,203901,Elfrid Payton,1610612753.0,Orlando,Magic,ORL,0,0,,,,,,1
0021400485,63,5,1,1,7:25 PM,4:02,,,Karasev Bad Pass Turnover (P1.T6),,,5,203508,Sergey Karasev,1610612751.0,Brooklyn,Nets,BKN,0,0,,,,,,0,0,,,,,,1
0021400485,64,8,0,1,7:25 PM,4:02,SUB: Frye FOR O'Quinn,,,,,4,203124,Kyle O'Quinn,1610612753.0,Orlando,Magic,ORL,4,101112,Channing Frye,1610612753.0,Orlando,Magic,ORL,0,0,,,,,,0
0021400485,65,8,0,1,7:25 PM,4:02,SUB: Fournier FOR Payton,,,,,4,203901,Elfrid Payton,1610612753.0,Orlando,Magic,ORL,4,203095,Evan Fournier,1610612753.0,Orlando,Magic,ORL,0,0,,,,,,0
0021400485,66,2,73,1,7:25 PM,3:44,MISS Vucevic 2' Driving Reverse Layup,,,,,4,202696,Nikola Vučević,1610612753.0,Orlando,Magic,ORL,0,0,,,,,,0,0,,,,,,1
0021400485,67,4,0,1,7:25 PM,3:43,,,Jack REBOUND (Off:0 Def:1),,,5,101127,Jarrett Jack,1610612751.0,Brooklyn,Nets,BKN,0,0,,,,,,0,0,,,,,,1
0021400485,68,1,80,1,7:26 PM,3:35,,,Jack 16' Step Back Jump Shot (4 PTS),17 - 18,1,5,101127,Jarrett Jack,1610612751.0,Brooklyn,Nets,BKN,0,0,,,,,,0,0,,,,,,1
0021400485,69,2,1,1,7:26 PM,3:21,MISS Fournier 24' 3PT Jump Shot,,,,,4,203095,Evan Fournier,1610612753.0,Orlando,Magic,ORL,0,0,,,,,,0,0,,,,,,1
0021400485,70,4,0,1,7:26 PM,3:20,,,Jack REBOUND (Off:0 Def:2),,,5,101127,Jarrett Jack,1610612751.0,Brooklyn,Nets,BKN,0,0,,,,,,0,0,,,,,,1
0021400485,71,5,1,1,7:26 PM,3:14,Harris STEAL (1 STL),,Johnson Bad Pass Turnover (P1.T7),,,5,2207,Joe Johnson,1610612751.0,Brooklyn,Nets,BKN,4,202699,Tobias Harris,1610612753.0,Orlando,Magic,ORL,0,0,,,,,,1
0021400485,72,6,4,1,7:26 PM,3:05,Oladipo OFF.Foul (P1),,,,,4,203506,Victor Oladipo,1610612753.0,Orlando,Magic,ORL,5,203141,Mirza Teletovic,1610612751.0,Brooklyn,Nets,BKN,1,0,,,,,,1
0021400485,73,5,5,1,7:26 PM,3:05,Oladipo Foul Turnover (P1.T2),,,,,4,203506,Victor Oladipo,1610612753.0,Orlando,Magic,ORL,0,0,,,,,,1,0,,,,,,1
0021400485,74,2,1,1,7:27 PM,2:44,,,MISS Jack 20' Jump Shot,,,5,101127,Jarrett Jack,1610612751.0,Brooklyn,Nets,BKN,0,0,,,,,,0,0,,,,,,1
0021400485,75,4,0,1,7:27 PM,2:43,Vucevic REBOUND (Off:2 Def:1),,,,,4,202696,Nikola Vučević,1610612753.0,Orlando,Magic,ORL,0,0,,,,,,0,0,,,,,,1
0021400485,76,9,1,1,7:27 PM,2:36,MAGIC Timeout: Regular (Full 1 Short 1),,,,,2,1610612753,,,,,,0,0,,,,,,0,0,,,,,,0
0021400485,78,8,0,1,7:29 PM,2:36,SUB: Dedmon FOR Vucevic,,,,,4,202696,Nikola Vučević,1610612753.0,Orlando,Magic,ORL,4,203473,Dewayne Dedmon,1610612753.0,Orlando,Magic,ORL,0,0,,,,,,0
0021400485,79,8,0,1,7:29 PM,2:36,SUB: Gordon FOR Oladipo,,,,,4,203506,Victor Oladipo,1610612753.0,Orlando,Magic,ORL,4,2732,Ben Gordon,1610612753.0,Orlando,Magic,ORL,0,0,,,,,,0
0021400485,80,8,0,1,7:29 PM,2:36,,,SUB: D. Williams FOR Johnson,,,5,2207,Joe Johnson,1610612751.0,Brooklyn,Nets,BKN,5,101114,Deron Williams,1610612751.0,Brooklyn,Nets,BKN,0,0,,,,,,0
0021400485,81,8,0,1,7:29 PM,2:36,,,SUB: Anderson FOR Jack,,,5,101127,Jarrett Jack,1610612751.0,Brooklyn,Nets,BKN,5,101187,Alan Anderson,1610612751.0,Brooklyn,Nets,BKN,0,0,,,,,,0
0021400485,82,8,0,1,7:29 PM,2:36,SUB: Marble FOR Harris,,,,,4,202699,Tobias Harris,1610612753.0,Orlando,Magic,ORL,4,203906,Devyn Marble,1610612753.0,Orlando,Magic,ORL,0,0,,,,,,0
0021400485,83,1,1,1,7:30 PM,2:24,Frye 26' 3PT Jump Shot (3 PTS) (Fournier 1 AST),,,17 - 21,4,4,101112,Channing Frye,1610612753.0,Orlando,Magic,ORL,4,203095,Evan Fournier,1610612753.0,Orlando,Magic,ORL,0,0,,,,,,1
0021400485,84,1,1,1,7:30 PM,2:09,,,Lopez 20' Jump Shot (4 PTS) (D. Williams 1 AST),19 - 21,2,5,201572,Brook Lopez,1610612751.0,Brooklyn,Nets,BKN,5,101114,Deron Williams,1610612751.0,Brooklyn,Nets,BKN,0,0,,,,,,1
0021400485,85,2,78,1,7:30 PM,1:55,MISS Marble 14' Floating Jump Shot,,,,,4,203906,Devyn Marble,1610612753.0,Orlando,Magic,ORL,0,0,,,,,,0,0,,,,,,1
0021400485,86,4,0,1,7:30 PM,1:53,,,Lopez REBOUND (Off:1 Def:1),,,5,201572,Brook Lopez,1610612751.0,Brooklyn,Nets,BKN,0,0,,,,,,0,0,,,,,,1
0021400485,87,6,1,1,7:30 PM,1:50,Gordon P.FOUL (P1.T1),,,,,4,2732,Ben Gordon,1610612753.0,Orlando,Magic,ORL,5,101114,Deron Williams,1610612751.0,Brooklyn,Nets,BKN,1,0,,,,,,1
0021400485,88,2,1,1,7:31 PM,1:40,,,MISS Karasev 17' Jump Shot,,,5,203508,Sergey Karasev,1610612751.0,Brooklyn,Nets,BKN,0,0,,,,,,0,0,,,,,,1
0021400485,89,4,0,1,7:31 PM,1:39,,,Lopez REBOUND (Off:2 Def:1),,,5,201572,Brook Lopez,1610612751.0,Brooklyn,Nets,BKN,0,0,,,,,,0,0,,,,,,1
0021400485,90,1,78,1,7:31 PM,1:34,,,Teletovic 11' Floating Jump Shot (2 PTS) (Karasev 2 AST),21 - 21,TIE,5,203141,Mirza Teletovic,1610612751.0,Brooklyn,Nets,BKN,5,203508,Sergey Karasev,1610612751.0,Brooklyn,Nets,BKN,0,0,,,,,,1
0021400485,91,1,42,1,7:31 PM,1:15,Fournier 1' Driving Layup (2 PTS) (Dedmon 1 AST),,,21 - 23,2,4,203095,Evan Fournier,1610612753.0,Orlando,Magic,ORL,4,203473,Dewayne Dedmon,1610612753.0,Orlando,Magic,ORL,0,0,,,,,,1
0021400485,92,6,1,1,7:31 PM,0:59,Dedmon P.FOUL (P1.PN),,,,,4,203473,Dewayne Dedmon,1610612753.0,Orlando,Magic,ORL,5,201572,Brook Lopez,1610612751.0,Brooklyn,Nets,BKN,1,0,,,,,,1
0021400485,93,3,11,1,7:32 PM,0:59,,,MISS Lopez Free Throw 1 of 2,,,5,201572,Brook Lopez,1610612751.0,Brooklyn,Nets,BKN,0,0,,,,,,0,0,,,,,,0
0021400485,94,4,1,1,7:32 PM,0:59,,,Nets Rebound,,,3,1610612751,,,,,,0,0,,,,,,0,0,,,,,,0
0021400485,95,3,12,1,7:32 PM,0:59,,,Lopez Free Throw 2 of 2 (5 PTS),22 - 23,1,5,201572,Brook Lopez,1610612751.0,Brooklyn,Nets,BKN,0,0,,,,,,0,0,,,,,,0
0021400485,97,2,1,1,7:33 PM,0:36,MISS Gordon 27' 3PT Jump Shot,,,,,4,2732,Ben Gordon,1610612753.0,Orlando,Magic,ORL,0,0,,,,,,0,0,,,,,,1
0021400485,98,4,0,1,7:33 PM,0:34,,,Karasev REBOUND (Off:0 Def:2),,,5,203508,Sergey Karasev,1610612751.0,Brooklyn,Nets,BKN,0,0,,,,,,0,0,,,,,,1
0021400485,99,2,80,1,7:33 PM,0:21,,,MISS D. Williams 18' Step Back Jump Shot,,,5,101114,Deron Williams,1610612751.0,Brooklyn,Nets,BKN,0,0,,,,,,0,0,,,,,,1
0021400485,100,4,0,1,7:33 PM,0:20,Marble REBOUND (Off:0 Def:1),,,,,4,203906,Devyn Marble,1610612753.0,Orlando,Magic,ORL,0,0,,,,,,0,0,,,,,,1
0021400485,101,6,28,1,7:33 PM,0:06,,,D. Williams Personal Take Foul (P1.T3),,,5,101114,Deron Williams,1610612751.0,Brooklyn,Nets,BKN,4,2732,Ben Gordon,1610612753.0,Orlando,Magic,ORL,1,0,,,,,,1
0021400485,102,2,42,1,7:33 PM,0:02,MISS Fournier 2' Driving Layup,,Lopez BLOCK (1 BLK),,,4,203095,Evan Fournier,1610612753.0,Orlando,Magic,ORL,0,0,,,,,,5,201572,Brook Lopez,1610612751.0,Brooklyn,Nets,BKN,1
0021400485,103,4,0,1,7:34 PM,0:01,MAGIC Rebound,,,,,2,1610612753,,,,,,0,0,,,,,,0,0,,,,,,0
0021400485,104,1,1,1,7:34 PM,0:00,Frye 21' Jump Shot (5 PTS) (Fournier 2 AST),,,22 - 25,3,4,101112,Channing Frye,1610612753.0,Orlando,Magic,ORL,4,203095,Evan Fournier,1610612753.0,Orlando,Magic,ORL,0,0,,,,,,1
0021400485,105,18,0,1,7:34 PM,0:00,,,,,,0,104,Benoit Benjamin,,,,,0,0,,,,,,1,0,,,,,,0
0021400485,106,13,0,1,7:35 PM,0:00,,,,22 - 25,3,0,0,,,,,,0,0,,,,,,0,0,,,,,,0
0021400485,108,12,0,2,7:37 PM,12:00,,,,22 - 25,3,0,0,,,,,,0,0,,,,,,0,0,,,,,,0
0021400485,109,2,5,2,7:37 PM,11:39,MISS Dedmon 2' Layup,,Lopez BLOCK (2 BLK),,,4,203473,Dewayne Dedmon,1610612753.0,Orlando,Magic,ORL,0,0,,,,,,5,201572,Brook Lopez,1610612751.0,Brooklyn,Nets,BKN,1
0021400485,110,4,0,2,7:37 PM,11:36,,,Lopez REBOUND (Off:2 Def:2),,,5,201572,Brook Lopez,1610612751.0,Brooklyn,Nets,BKN,0,0,,,,,,0,0,,,,,,1
0021400485,111,1,7,2,7:37 PM,11:23,,,Lopez  Dunk (7 PTS) (Teletovic 1 AST),24 - 25,1,5,201572,Brook Lopez,1610612751.0,Brooklyn,Nets,BKN,5,203141,Mirza Teletovic,1610612751.0,Brooklyn,Nets,BKN,0,0,,,,,,1
0021400485,112,2,1,2,7:38 PM,11:01,MISS Harris 9' Jump Shot,,,,,4,202699,Tobias Harris,1610612753.0,Orlando,Magic,ORL,0,0,,,,,,0,0,,,,,,1
0021400485,113,4,0,2,7:38 PM,10:59,,,Teletovic REBOUND (Off:0 Def:1),,,5,203141,Mirza Teletovic,1610612751.0,Brooklyn,Nets,BKN,0,0,,,,,,0,0,,,,,,1
0021400485,114,5,1,2,7:38 PM,10:48,Gordon STEAL (1 STL),,D. Williams Bad Pass Turnover (P1.T8),,,5,101114,Deron Williams,1610612751.0,Brooklyn,Nets,BKN,4,2732,Ben Gordon,1610612753.0,Orlando,Magic,ORL,0,0,,,,,,1
0021400485,115,6,2,2,7:38 PM,10:44,,,Teletovic S.FOUL (P1.T1),,,5,203141,Mirza Teletovic,1610612751.0,Brooklyn,Nets,BKN,4,2732,Ben Gordon,1610612753.0,Orlando,Magic,ORL,1,0,,,,,,1
0021400485,116,3,11,2,7:39 PM,10:44,Gordon Free Throw 1 of 2 (1 PTS),,,24 - 26,2,4,2732,Ben Gordon,1610612753.0,Orlando,Magic,ORL,0,0,,,,,,0,0,,,,,,0
0021400485,118,3,12,2,7:39 PM,10:44,MISS Gordon Free Throw 2 of 2,,,,,4,2732,Ben Gordon,1610612753.0,Orlando,Magic,ORL,0,0,,,,,,0,0,,,,,,0
0021400485,121,4,0,2,7:39 PM,10:44,Dedmon REBOUND (Off:1 Def:0),,,,,4,203473,Dewayne Dedmon,1610612753.0,Orlando,Magic,ORL,0,0,,,,,,0,0,,,,,,1
0021400485,120,2,4,2,7:39 PM,10:44,MISS Dedmon 3' Tip Shot,,,,,4,203473,Dewayne Dedmon,1610612753.0,Orlando,Magic,ORL,0,0,,,,,,0,0,,,,,,1
0021400485,122,4,0,2,7:39 PM,10:44,,,Lopez REBOUND (Off:2 Def:3),,,5,201572,Brook Lopez,1610612751.0,Brooklyn,Nets,BKN,0,0,,,,,,0,0,,,,,,1
0021400485,123,2,1,2,7:39 PM,10:36,,,MISS Teletovic 26' 3PT Jump Shot,,,5,203141,Mirza Teletovic,1610612751.0,Brooklyn,Nets,BKN,0,0,,,,,,0,0,,,,,,1
0021400485,124,4,0,2,7:39 PM,10:35,Harris REBOUND (Off:0 Def:1),,,,,4,202699,Tobias Harris,1610612753.0,Orlando,Magic,ORL,0,0,,,,,,0,0,,,,,,1
0021400485,125,2,3,2,7:39 PM,10:26,MISS Dedmon 7' Hook Shot,,,,,4,203473,Dewayne Dedmon,1610612753.0,Orlando,Magic,ORL,0,0,,,,,,0,0,,,,,,1
0021400485,126,4,0,2,7:39 PM,10:24,,,Teletovic REBOUND (Off:0 Def:2),,,5,203141,Mirza Teletovic,1610612751.0,Brooklyn,Nets,BKN,0,0,,,,,,0,0,,,,,,1
0021400485,127,2,5,2,7:39 PM,10:19,Dedmon BLOCK (1 BLK),,MISS Teletovic 2' Layup,,,5,203141,Mirza Teletovic,1610612751.0,Brooklyn,Nets,BKN,0,0,,,,,,4,203473,Dewayne Dedmon,1610612753.0,Orlando,Magic,ORL,1
0021400485,128,4,0,2,7:40 PM,10:18,,,Nets Rebound,,,3,1610612751,,,,,,0,0,,,,,,0,0,,,,,,0
0021400485,129,1,42,2,7:40 PM,10:09,,,Teletovic 3' Driving Layup (4 PTS) (D. Williams 2 AST),26 - 26,TIE,5,203141,Mirza Teletovic,1610612751.0,Brooklyn,Nets,BKN,5,101114,Deron Williams,1610612751.0,Brooklyn,Nets,BKN,0,0,,,,,,1
0021400485,130,6,2,2,7:40 PM,10:09,Frye S.FOUL (P1.T1),,,,,4,101112,Channing Frye,1610612753.0,Orlando,Magic,ORL,5,203141,Mirza Teletovic,1610612751.0,Brooklyn,Nets,BKN,1,0,,,,,,1
0021400485,131,3,10,2,7:40 PM,10:09,,,Teletovic Free Throw 1 of 1 (5 PTS),27 - 26,-1,5,203141,Mirza Teletovic,1610612751.0,Brooklyn,Nets,BKN,0,0,,,,,,0,0,,,,,,0
0021400485,133,2,78,2,7:41 PM,9:55,MISS Gordon 7' Floating Jump Shot,,,,,4,2732,Ben Gordon,1610612753.0,Orlando,Magic,ORL,0,0,,,,,,0,0,,,,,,1
0021400485,134,4,0,2,7:41 PM,9:54,,,Lopez REBOUND (Off:2 Def:4),,,5,201572,Brook Lopez,1610612751.0,Brooklyn,Nets,BKN,0,0,,,,,,0,0,,,,,,1
0021400485,135,2,1,2,7:41 PM,9:46,,,MISS Johnson  3PT Jump Shot,,,5,2207,Joe Johnson,1610612751.0,Brooklyn,Nets,BKN,0,0,,,,,,0,0,,,,,,1
0021400485,136,4,0,2,7:41 PM,9:44,Gordon REBOUND (Off:0 Def:1),,,,,4,2732,Ben Gordon,1610612753.0,Orlando,Magic,ORL,0,0,,,,,,0,0,,,,,,1
0021400485,137,2,1,2,7:41 PM,9:28,MISS Frye 26' 3PT Jump Shot,,,,,4,101112,Channing Frye,1610612753.0,Orlando,Magic,ORL,0,0,,,,,,0,0,,,,,,1
0021400485,138,4,0,2,7:41 PM,9:27,,,Anderson REBOUND (Off:0 Def:1),,,5,101187,Alan Anderson,1610612751.0,Brooklyn,Nets,BKN,0,0,,,,,,0,0,,,,,,1
0021400485,139,1,43,2,7:41 PM,9:19,,,Teletovic 2' Alley Oop Layup (7 PTS) (D. Williams 3 AST),29 - 26,-3,5,203141,Mirza Teletovic,1610612751.0,Brooklyn,Nets,BKN,5,101114,Deron Williams,1610612751.0,Brooklyn,Nets,BKN,0,0,,,,,,1
0021400485,140,9,1,2,7:41 PM,9:18,MAGIC Timeout: Regular (Full 2 Short 1),,,,,2,1610612753,,,,,,0,0,,,,,,0,0,,,,,,0
0021400485,142,8,0,2,7:43 PM,9:18,SUB: Oladipo FOR Frye,,,,,4,101112,Channing Frye,1610612753.0,Orlando,Magic,ORL,4,203506,Victor Oladipo,1610612753.0,Orlando,Magic,ORL,0,0,,,,,,0
0021400485,143,8,0,2,7:43 PM,9:18,SUB: Vucevic FOR Dedmon,,,,,4,203473,Dewayne Dedmon,1610612753.0,Orlando,Magic,ORL,4,202696,Nikola Vučević,1610612753.0,Orlando,Magic,ORL,0,0,,,,,,0
0021400485,145,8,0,2,7:43 PM,9:18,,,SUB: Plumlee FOR Lopez,,,5,201572,Brook Lopez,1610612751.0,Brooklyn,Nets,BKN,5,203486,Mason Plumlee,1610612751.0,Brooklyn,Nets,BKN,0,0,,,,,,0
0021400485,146,8,0,2,7:44 PM,9:18,SUB: Marble FOR Gordon,,,,,4,2732,Ben Gordon,1610612753.0,Orlando,Magic,ORL,4,203906,Devyn Marble,1610612753.0,Orlando,Magic,ORL,0,0,,,,,,0
0021400485,147,2,47,2,7:44 PM,8:56,MISS Vucevic 14' Turnaround Jump Shot,,,,,4,202696,Nikola Vučević,1610612753.0,Orlando,Magic,ORL,0,0,,,,,,0,0,,,,,,1
0021400485,148,4,0,2,7:44 PM,8:54,,,Teletovic REBOUND (Off:0 Def:3),,,5,203141,Mirza Teletovic,1610612751.0,Brooklyn,Nets,BKN,0,0,,,,,,0,0,,,,,,1
0021400485,150,1,1,2,7:45 PM,8:40,,,Anderson 15' Jump Shot (2 PTS) (Johnson 3 AST),31 - 26,-5,5,101187,Alan Anderson,1610612751.0,Brooklyn,Nets,BKN,5,2207,Joe Johnson,1610612751.0,Brooklyn,Nets,BKN,0,0,,,,,,1
0021400485,151,5,4,2,7:45 PM,8:28,Harris Traveling Turnover (P1.T3),,,,,4,202699,Tobias Harris,1610612753.0,Orlando,Magic,ORL,0,0,,,,,,1,0,,,,,,1
0021400485,152,5,4,2,7:45 PM,8:20,,,Anderson Traveling Turnover (P1.T9),,,5,101187,Alan Anderson,1610612751.0,Brooklyn,Nets,BKN,0,0,,,,,,1,0,,,,,,1
0021400485,153,1,56,2,7:46 PM,8:05,Fournier 6' Running Hook Shot (4 PTS) (Oladipo 2 AST),,,31 - 28,-3,4,203095,Evan Fournier,1610612753.0,Orlando,Magic,ORL,4,203506,Victor Oladipo,1610612753.0,Orlando,Magic,ORL,0,0,,,,,,1
0021400485,154,1,1,2,7:46 PM,7:47,,,D. Williams 26' 3PT Jump Shot (3 PTS) (Plumlee 1 AST),34 - 28,-6,5,101114,Deron Williams,1610612751.0,Brooklyn,Nets,BKN,5,203486,Mason Plumlee,1610612751.0,Brooklyn,Nets,BKN,0,0,,,,,,1
0021400485,155,2,46,2,7:46 PM,7:30,MISS Fournier 10' Running Jump Shot,,,,,4,203095,Evan Fournier,1610612753.0,Orlando,Magic,ORL,0,0,,,,,,0,0,,,,,,1
0021400485,156,4,0,2,7:46 PM,7:29,,,Plumlee REBOUND (Off:0 Def:2),,,5,203486,Mason Plumlee,1610612751.0,Brooklyn,Nets,BKN,0,0,,,,,,0,0,,,,,,1
0021400485,157,5,2,2,7:46 PM,7:22,Harris STEAL (2 STL),,Johnson Lost Ball Turnover (P2.T10),,,5,2207,Joe Johnson,1610612751.0,Brooklyn,Nets,BKN,4,202699,Tobias Harris,1610612753.0,Orlando,Magic,ORL,0,0,,,,,,1
0021400485,158,2,40,2,7:46 PM,7:14,MISS Oladipo 2' Layup,,,,,4,203506,Victor Oladipo,1610612753.0,Orlando,Magic,ORL,0,0,,,,,,0,0,,,,,,1
0021400485,159,4,0,2,7:46 PM,7:12,,,D. Williams REBOUND (Off:0 Def:1),,,5,101114,Deron Williams,1610612751.0,Brooklyn,Nets,BKN,0,0,,,,,,0,0,,,,,,1
0021400485,160,2,5,2,7:47 PM,7:01,Harris BLOCK (1 BLK),,MISS Plumlee 2' Layup,,,5,203486,Mason Plumlee,1610612751.0,Brooklyn,Nets,BKN,0,0,,,,,,4,202699,Tobias Harris,1610612753.0,Orlando,Magic,ORL,1
0021400485,161,4,0,2,7:47 PM,6:59,Harris REBOUND (Off:0 Def:2),,,,,4,202699,Tobias Harris,1610612753.0,Orlando,Magic,ORL,0,0,,,,,,0,0,,,,,,1
0021400485,162,6,28,2,7:47 PM,6:59,,,Johnson Personal Take Foul (P1.T2),,,5,2207,Joe Johnson,1610612751.0,Brooklyn,Nets,BKN,4,202699,Tobias Harris,1610612753.0,Orlando,Magic,ORL,1,0,,,,,,1
0021400485,163,6,2,2,7:47 PM,6:51,,,Anderson S.FOUL (P1.T3),,,5,101187,Alan Anderson,1610612751.0,Brooklyn,Nets,BKN,4,202696,Nikola Vučević,1610612753.0,Orlando,Magic,ORL,1,0,,,,,,1
0021400485,164,3,11,2,7:48 PM,6:51,Vucevic Free Throw 1 of 2 (8 PTS),,,34 - 29,-5,4,202696,Nikola Vučević,1610612753.0,Orlando,Magic,ORL,0,0,,,,,,0,0,,,,,,0
0021400485,166,8,0,2,7:48 PM,6:51,,,SUB: Jack FOR Teletovic,,,5,203141,Mirza Teletovic,1610612751.0,Brooklyn,Nets,BKN,5,101127,Jarrett Jack,1610612751.0,Brooklyn,Nets,BKN,0,0,,,,,,0
0021400485,167,8,0,2,7:48 PM,6:51,SUB: Payton FOR Fournier,,,,,4,203095,Evan Fournier,1610612753.0,Orlando,Magic,ORL,4,203901,Elfrid Payton,1610612753.0,Orlando,Magic,ORL,0,0,,,,,,0
0021400485,168,3,12,2,7:48 PM,6:51,MISS Vucevic Free Throw 2 of 2,,,,,4,202696,Nikola Vučević,1610612753.0,Orlando,Magic,ORL,0,0,,,,,,0,0,,,,,,0
0021400485,170,4,0,2,7:48 PM,6:50,,,Johnson REBOUND (Off:0 Def:1),,,5,2207,Joe Johnson,1610612751.0,Brooklyn,Nets,BKN,0,0,,,,,,0,0,,,,,,1
0021400485,171,2,1,2,7:49 PM,6:32,,,MISS Johnson  3PT Jump Shot,,,5,2207,Joe Johnson,1610612751.0,Brooklyn,Nets,BKN,0,0,,,,,,0,0,,,,,,1
0021400485,172,4,0,2,7:49 PM,6:29,Payton REBOUND (Off:1 Def:1),,,,,4,203901,Elfrid Payton,1610612753.0,Orlando,Magic,ORL,0,0,,,,,,0,0,,,,,,1
0021400485,173,5,1,2,7:49 PM,6:24,Payton Bad Pass Turnover (P1.T4),,Jack STEAL (1 STL),,,4,203901,Elfrid Payton,1610612753.0,Orlando,Magic,ORL,5,101127,Jarrett Jack,1610612751.0,Brooklyn,Nets,BKN,0,0,,,,,,1
0021400485,174,1,49,2,7:49 PM,6:19,,,Plumlee  Driving Dunk (2 PTS) (Anderson 1 AST),36 - 29,-7,5,203486,Mason Plumlee,1610612751.0,Brooklyn,Nets,BKN,5,101187,Alan Anderson,1610612751.0,Brooklyn,Nets,BKN,0,0,,,,,,1
0021400485,175,1,1,2,7:49 PM,5:55,Harris 26' 3PT Jump Shot (10 PTS) (Payton 4 AST),,,36 - 32,-4,4,202699,Tobias Harris,1610612753.0,Orlando,Magic,ORL,4,203901,Elfrid Payton,1610612753.0,Orlando,Magic,ORL,0,0,,,,,,1
0021400485,176,1,52,2,7:50 PM,5:35,,,Plumlee  Alley Oop Dunk (4 PTS) (D. Williams 4 AST),38 - 32,-6,5,203486,Mason Plumlee,1610612751.0,Brooklyn,Nets,BKN,5,101114,Deron Williams,1610612751.0,Brooklyn,Nets,BKN,0,0,,,,,,1
0021400485,177,2,1,2,7:50 PM,5:09,MISS Vucevic 17' Jump Shot,,,,,4,202696,Nikola Vučević,1610612753.0,Orlando,Magic,ORL,0,0,,,,,,0,0,,,,,,1
0021400485,178,4,0,2,7:50 PM,5:08,,,Jack REBOUND (Off:0 Def:3),,,5,101127,Jarrett Jack,1610612751.0,Brooklyn,Nets,BKN,0,0,,,,,,0,0,,,,,,1
0021400485,179,9,1,2,7:50 PM,5:03,,,Nets Timeout: Regular (Reg.2 Short 0),,,3,1610612751,,,,,,0,0,,,,,,0,0,,,,,,0
0021400485,183,1,78,2,7:53 PM,4:49,,,D. Williams 11' Floating Jump Shot (5 PTS),40 - 32,-8,5,101114,Deron Williams,1610612751.0,Brooklyn,Nets,BKN,0,0,,,,,,0,0,,,,,,1
0021400485,184,2,42,2,7:53 PM,4:25,MISS Marble 2' Driving Layup,,,,,4,203906,Devyn Marble,1610612753.0,Orlando,Magic,ORL,0,0,,,,,,0,0,,,,,,1
0021400485,185,4,0,2,7:53 PM,4:24,,,Plumlee REBOUND (Off:0 Def:3),,,5,203486,Mason Plumlee,1610612751.0,Brooklyn,Nets,BKN,0,0,,,,,,0,0,,,,,,1
0021400485,186,2,1,2,7:53 PM,4:14,,,MISS Anderson  3PT Jump Shot,,,5,101187,Alan Anderson,1610612751.0,Brooklyn,Nets,BKN,0,0,,,,,,0,0,,,,,,1
0021400485,187,4,0,2,7:53 PM,4:12,Vucevic REBOUND (Off:2 Def:2),,,,,4,202696,Nikola Vučević,1610612753.0,Orlando,Magic,ORL,0,0,,,,,,0,0,,,,,,1
0021400485,188,2,42,2,7:54 PM,3:54,MISS Oladipo 1' Driving Layup,,,,,4,203506,Victor Oladipo,1610612753.0,Orlando,Magic,ORL,0,0,,,,,,0,0,,,,,,1
0021400485,190,4,0,2,7:54 PM,3:53,Payton REBOUND (Off:2 Def:1),,,,,4,203901,Elfrid Payton,1610612753.0,Orlando,Magic,ORL,0,0,,,,,,0,0,,,,,,1
0021400485,189,2,4,2,7:54 PM,3:53,MISS Payton 2' Tip Shot,,,,,4,203901,Elfrid Payton,1610612753.0,Orlando,Magic,ORL,0,0,,,,,,0,0,,,,,,1
0021400485,191,4,0,2,7:54 PM,3:51,,,Plumlee REBOUND (Off:0 Def:4),,,5,203486,Mason Plumlee,1610612751.0,Brooklyn,Nets,BKN,0,0,,,,,,0,0,,,,,,1
0021400485,192,2,42,2,7:54 PM,3:30,,,MISS Jack 2' Driving Layup,,,5,101127,Jarrett Jack,1610612751.0,Brooklyn,Nets,BKN,0,0,,,,,,0,0,,,,,,1
0021400485,194,4,0,2,7:54 PM,3:29,,,Plumlee REBOUND (Off:1 Def:4),,,5,203486,Mason Plumlee,1610612751.0,Brooklyn,Nets,BKN,0,0,,,,,,0,0,,,,,,1
0021400485,193,1,87,2,7:54 PM,3:29,,,Plumlee  Putback Dunk (6 PTS),42 - 32,-10,5,203486,Mason Plumlee,1610612751.0,Brooklyn,Nets,BKN,0,0,,,,,,0,0,,,,,,1
0021400485,195,2,1,2,7:55 PM,3:06,MISS Harris 20' Jump Shot,,,,,4,202699,Tobias Harris,1610612753.0,Orlando,Magic,ORL,0,0,,,,,,0,0,,,,,,1
0021400485,196,4,0,2,7:55 PM,3:05,,,Plumlee REBOUND (Off:1 Def:5),,,5,203486,Mason Plumlee,1610612751.0,Brooklyn,Nets,BKN,0,0,,,,,,0,0,,,,,,1
0021400485,197,6,1,2,7:55 PM,2:57,Payton P.FOUL (P1.T2),,,,,4,203901,Elfrid Payton,1610612753.0,Orlando,Magic,ORL,5,203486,Mason Plumlee,1610612751.0,Brooklyn,Nets,BKN,1,0,,,,,,1
0021400485,198,9,4,2,7:55 PM,2:57,,,,,,1,0,,,,,,0,0,,,,,,0,0,,,,,,0
0021400485,200,8,0,2,7:57 PM,2:57,SUB: Fournier FOR Marble,,,,,4,203906,Devyn Marble,1610612753.0,Orlando,Magic,ORL,4,203095,Evan Fournier,1610612753.0,Orlando,Magic,ORL,0,0,,,,,,0
0021400485,201,8,0,2,7:57 PM,2:57,,,SUB: Karasev FOR Anderson,,,5,101187,Alan Anderson,1610612751.0,Brooklyn,Nets,BKN,5,203508,Sergey Karasev,1610612751.0,Brooklyn,Nets,BKN,0,0,,,,,,0
0021400485,202,2,1,2,7:57 PM,2:48,,,MISS Johnson 26' 3PT Jump Shot,,,5,2207,Joe Johnson,1610612751.0,Brooklyn,Nets,BKN,0,0,,,,,,0,0,,,,,,1
0021400485,203,4,0,2,7:57 PM,2:46,Payton REBOUND (Off:2 Def:2),,,,,4,203901,Elfrid Payton,1610612753.0,Orlando,Magic,ORL,0,0,,,,,,0,0,,,,,,1
0021400485,204,2,42,2,7:58 PM,2:32,MISS Payton 1' Driving Layup,,,,,4,203901,Elfrid Payton,1610612753.0,Orlando,Magic,ORL,0,0,,,,,,0,0,,,,,,1
0021400485,205,4,0,2,7:58 PM,2:31,,,Jack REBOUND (Off:0 Def:4),,,5,101127,Jarrett Jack,1610612751.0,Brooklyn,Nets,BKN,0,0,,,,,,0,0,,,,,,1
0021400485,206,1,1,2,7:58 PM,2:18,,,D. Williams  3PT Jump Shot (8 PTS) (Plumlee 2 AST),45 - 32,-13,5,101114,Deron Williams,1610612751.0,Brooklyn,Nets,BKN,5,203486,Mason Plumlee,1610612751.0,Brooklyn,Nets,BKN,0,0,,,,,,1
0021400485,207,1,1,2,7:58 PM,1:54,Oladipo  3PT Jump Shot (7 PTS) (Fournier 3 AST),,,45 - 35,-10,4,203506,Victor Oladipo,1610612753.0,Orlando,Magic,ORL,4,203095,Evan Fournier,1610612753.0,Orlando,Magic,ORL,0,0,,,,,,1
0021400485,208,1,5,2,7:59 PM,1:39,,,Plumlee 2' Layup (8 PTS) (Karasev 3 AST),47 - 35,-12,5,203486,Mason Plumlee,1610612751.0,Brooklyn,Nets,BKN,5,203508,Sergey Karasev,1610612751.0,Brooklyn,Nets,BKN,0,0,,,,,,1
0021400485,209,1,1,2,7:59 PM,1:18,Oladipo 24' 3PT Jump Shot (10 PTS) (Vucevic 1 AST),,,47 - 38,-9,4,203506,Victor Oladipo,1610612753.0,Orlando,Magic,ORL,4,202696,Nikola Vučević,1610612753.0,Orlando,Magic,ORL,0,0,,,,,,1
0021400485,210,1,78,2,7:59 PM,0:59,,,Johnson 11' Floating Jump Shot (4 PTS),49 - 38,-11,5,2207,Joe Johnson,1610612751.0,Brooklyn,Nets,BKN,0,0,,,,,,0,0,,,,,,1
0021400485,211,6,2,2,7:59 PM,0:59,Harris S.FOUL (P1.T3),,,,,4,202699,Tobias Harris,1610612753.0,Orlando,Magic,ORL,5,2207,Joe Johnson,1610612751.0,Brooklyn,Nets,BKN,1,0,,,,,,1
0021400485,212,8,0,2,7:59 PM,0:59,,,SUB: Lopez FOR Plumlee,,,5,203486,Mason Plumlee,1610612751.0,Brooklyn,Nets,BKN,5,201572,Brook Lopez,1610612751.0,Brooklyn,Nets,BKN,0,0,,,,,,0
0021400485,213,3,10,2,8:00 PM,0:59,,,Johnson Free Throw 1 of 1 (5 PTS),50 - 38,-12,5,2207,Joe Johnson,1610612751.0,Brooklyn,Nets,BKN,0,0,,,,,,0,0,,,,,,0
0021400485,215,2,1,2,8:00 PM,0:45,MISS Harris 17' Jump Shot,,,,,4,202699,Tobias Harris,1610612753.0,Orlando,Magic,ORL,0,0,,,,,,0,0,,,,,,1
0021400485,216,4,0,2,8:00 PM,0:44,,,D. Williams REBOUND (Off:0 Def:2),,,5,101114,Deron Williams,1610612751.0,Brooklyn,Nets,BKN,0,0,,,,,,0,0,,,,,,1
0021400485,217,2,46,2,8:00 PM,0:37,,,MISS D. Williams 14' Running Jump Shot,,,5,101114,Deron Williams,1610612751.0,Brooklyn,Nets,BKN,0,0,,,,,,0,0,,,,,,1
0021400485,218,4,0,2,8:00 PM,0:35,Payton REBOUND (Off:2 Def:3),,,,,4,203901,Elfrid Payton,1610612753.0,Orlando,Magic,ORL,0,0,,,,,,0,0,,,,,,1
0021400485,219,1,3,2,8:00 PM,0:26,Vucevic 4' Hook Shot (10 PTS) (Payton 5 AST),,,50 - 40,-10,4,202696,Nikola Vučević,1610612753.0,Orlando,Magic,ORL,4,203901,Elfrid Payton,1610612753.0,Orlando,Magic,ORL,0,0,,,,,,1
0021400485,220,1,79,2,8:01 PM,0:06,,,D. Williams 18' Pullup Jump Shot (10 PTS),52 - 40,-12,5,101114,Deron Williams,1610612751.0,Brooklyn,Nets,BKN,0,0,,,,,,0,0,,,,,,1
0021400485,223,2,1,2,8:01 PM,0:00,MISS Fournier 16' Jump Shot,,,,,4,203095,Evan Fournier,1610612753.0,Orlando,Magic,ORL,0,0,,,,,,0,0,,,,,,1
0021400485,224,4,0,2,8:01 PM,0:00,MAGIC Rebound,,,,,2,1610612753,,,,,,0,0,,,,,,0,0,,,,,,0
0021400485,226,13,0,2,8:01 PM,0:00,,,,52 - 40,-12,0,0,,,,,,0,0,,,,,,0,0,,,,,,0
0021400485,228,12,0,3,8:17 PM,12:00,,,,52 - 40,-12,0,0,,,,,,0,0,,,,,,0,0,,,,,,0
0021400485,230,2,1,3,8:18 PM,11:42,MISS Harris 26' 3PT Jump Shot,,,,,4,202699,Tobias Harris,1610612753.0,Orlando,Magic,ORL,0,0,,,,,,0,0,,,,,,1
0021400485,231,4,0,3,8:18 PM,11:41,,,Jack REBOUND (Off:0 Def:5),,,5,101127,Jarrett Jack,1610612751.0,Brooklyn,Nets,BKN,0,0,,,,,,0,0,,,,,,1
0021400485,232,2,1,3,8:18 PM,11:18,,,MISS Jack 15' Jump Shot,,,5,101127,Jarrett Jack,1610612751.0,Brooklyn,Nets,BKN,0,0,,,,,,0,0,,,,,,1
0021400485,233,4,0,3,8:18 PM,11:16,O'Quinn REBOUND (Off:0 Def:1),,,,,4,203124,Kyle O'Quinn,1610612753.0,Orlando,Magic,ORL,0,0,,,,,,0,0,,,,,,1
0021400485,234,2,46,3,8:19 PM,11:03,MISS Harris 11' Running Jump Shot,,,,,4,202699,Tobias Harris,1610612753.0,Orlando,Magic,ORL,0,0,,,,,,0,0,,,,,,1
0021400485,235,4,0,3,8:19 PM,11:02,,,Plumlee REBOUND (Off:1 Def:6),,,5,203486,Mason Plumlee,1610612751.0,Brooklyn,Nets,BKN,0,0,,,,,,0,0,,,,,,1
0021400485,236,6,1,3,8:19 PM,10:55,O'Quinn P.FOUL (P1.T1),,,,,4,203124,Kyle O'Quinn,1610612753.0,Orlando,Magic,ORL,5,708,Kevin Garnett,1610612751.0,Brooklyn,Nets,BKN,1,0,,,,,,1
0021400485,237,6,2,3,8:19 PM,10:51,Oladipo S.FOUL (P2.T2),,,,,4,203506,Victor Oladipo,1610612753.0,Orlando,Magic,ORL,5,708,Kevin Garnett,1610612751.0,Brooklyn,Nets,BKN,1,0,,,,,,1
0021400485,238,3,11,3,8:19 PM,10:51,,,Garnett Free Throw 1 of 2 (5 PTS),53 - 40,-13,5,708,Kevin Garnett,1610612751.0,Brooklyn,Nets,BKN,0,0,,,,,,0,0,,,,,,0
0021400485,240,3,12,3,8:20 PM,10:51,,,Garnett Free Throw 2 of 2 (6 PTS),54 - 40,-14,5,708,Kevin Garnett,1610612751.0,Brooklyn,Nets,BKN,0,0,,,,,,0,0,,,,,,0
0021400485,242,5,1,3,8:20 PM,10:41,Vucevic Bad Pass Turnover (P1.T5),,Garnett STEAL (1 STL),,,4,202696,Nikola Vučević,1610612753.0,Orlando,Magic,ORL,5,708,Kevin Garnett,1610612751.0,Brooklyn,Nets,BKN,0,0,,,,,,1
0021400485,243,1,1,3,8:20 PM,10:27,,,Johnson 26' 3PT Jump Shot (8 PTS) (Karasev 4 AST),57 - 40,-17,5,2207,Joe Johnson,1610612751.0,Brooklyn,Nets,BKN,5,203508,Sergey Karasev,1610612751.0,Brooklyn,Nets,BKN,0,0,,,,,,1
0021400485,244,2,79,3,8:21 PM,10:13,MISS Payton 12' Pullup Jump Shot,,,,,4,203901,Elfrid Payton,1610612753.0,Orlando,Magic,ORL,0,0,,,,,,0,0,,,,,,1
0021400485,245,4,0,3,8:21 PM,10:11,,,Garnett REBOUND (Off:0 Def:3),,,5,708,Kevin Garnett,1610612751.0,Brooklyn,Nets,BKN,0,0,,,,,,0,0,,,,,,1
0021400485,246,5,1,3,8:21 PM,10:01,Oladipo STEAL (2 STL),,Jack Bad Pass Turnover (P4.T11),,,5,101127,Jarrett Jack,1610612751.0,Brooklyn,Nets,BKN,4,203506,Victor Oladipo,1610612753.0,Orlando,Magic,ORL,0,0,,,,,,1
0021400485,247,1,42,3,8:21 PM,9:56,Oladipo 2' Driving Layup (12 PTS),,,57 - 42,-15,4,203506,Victor Oladipo,1610612753.0,Orlando,Magic,ORL,0,0,,,,,,0,0,,,,,,1
0021400485,248,6,4,3,8:21 PM,9:43,,,Plumlee OFF.Foul (P3),,,5,203486,Mason Plumlee,1610612751.0,Brooklyn,Nets,BKN,4,202696,Nikola Vučević,1610612753.0,Orlando,Magic,ORL,1,0,,,,,,1
0021400485,249,5,5,3,8:21 PM,9:43,,,Plumlee Foul Turnover (P2.T12),,,5,203486,Mason Plumlee,1610612751.0,Brooklyn,Nets,BKN,0,0,,,,,,1,0,,,,,,1
0021400485,250,2,65,3,8:22 PM,9:28,MISS Vucevic 9' Jump Hook Shot,,,,,4,202696,Nikola Vučević,1610612753.0,Orlando,Magic,ORL,0,0,,,,,,0,0,,,,,,1
0021400485,251,4,0,3,8:22 PM,9:27,,,Garnett REBOUND (Off:0 Def:4),,,5,708,Kevin Garnett,1610612751.0,Brooklyn,Nets,BKN,0,0,,,,,,0,0,,,,,,1
0021400485,252,2,80,3,8:22 PM,9:09,,,MISS Jack 16' Step Back Jump Shot,,,5,101127,Jarrett Jack,1610612751.0,Brooklyn,Nets,BKN,0,0,,,,,,0,0,,,,,,1
0021400485,253,4,0,3,8:22 PM,9:07,O'Quinn REBOUND (Off:0 Def:2),,,,,4,203124,Kyle O'Quinn,1610612753.0,Orlando,Magic,ORL,0,0,,,,,,0,0,,,,,,1
0021400485,254,1,42,3,8:22 PM,9:01,Oladipo 3' Driving Layup (14 PTS),,,57 - 44,-13,4,203506,Victor Oladipo,1610612753.0,Orlando,Magic,ORL,0,0,,,,,,0,0,,,,,,1
0021400485,255,6,2,3,8:22 PM,9:01,,,Johnson S.FOUL (P2.T1),,,5,2207,Joe Johnson,1610612751.0,Brooklyn,Nets,BKN,4,203506,Victor Oladipo,1610612753.0,Orlando,Magic,ORL,1,0,,,,,,1
0021400485,256,3,10,3,8:23 PM,9:01,Oladipo Free Throw 1 of 1 (15 PTS),,,57 - 45,-12,4,203506,Victor Oladipo,1610612753.0,Orlando,Magic,ORL,0,0,,,,,,0,0,,,,,,0
0021400485,258,6,1,3,8:23 PM,8:55,Payton P.FOUL (P2.T3),,,,,4,203901,Elfrid Payton,1610612753.0,Orlando,Magic,ORL,5,101127,Jarrett Jack,1610612751.0,Brooklyn,Nets,BKN,1,0,,,,,,1
0021400485,259,2,1,3,8:23 PM,8:43,,,MISS Johnson 24' 3PT Jump Shot,,,5,2207,Joe Johnson,1610612751.0,Brooklyn,Nets,BKN,0,0,,,,,,0,0,,,,,,1
0021400485,260,4,0,3,8:23 PM,8:42,O'Quinn REBOUND (Off:0 Def:3),,,,,4,203124,Kyle O'Quinn,1610612753.0,Orlando,Magic,ORL,0,0,,,,,,0,0,,,,,,1
0021400485,261,1,5,3,8:23 PM,8:30,O'Quinn 2' Layup (2 PTS) (Vucevic 2 AST),,,57 - 47,-10,4,203124,Kyle O'Quinn,1610612753.0,Orlando,Magic,ORL,4,202696,Nikola Vučević,1610612753.0,Orlando,Magic,ORL,0,0,,,,,,1
0021400485,262,5,1,3,8:24 PM,8:18,Payton STEAL (3 STL),,Johnson Bad Pass Turnover (P3.T13),,,5,2207,Joe Johnson,1610612751.0,Brooklyn,Nets,BKN,4,203901,Elfrid Payton,1610612753.0,Orlando,Magic,ORL,0,0,,,,,,1
0021400485,263,1,42,3,8:24 PM,8:15,Payton 2' Driving Layup (2 PTS),,,57 - 49,-8,4,203901,Elfrid Payton,1610612753.0,Orlando,Magic,ORL,0,0,,,,,,0,0,,,,,,1
0021400485,264,6,29,3,8:24 PM,8:15,,,Jack Shooting Block Foul (P1.T2),,,5,101127,Jarrett Jack,1610612751.0,Brooklyn,Nets,BKN,4,203901,Elfrid Payton,1610612753.0,Orlando,Magic,ORL,1,0,,,,,,1
0021400485,265,3,10,3,8:24 PM,8:15,Payton Free Throw 1 of 1 (3 PTS),,,57 - 50,-7,4,203901,Elfrid Payton,1610612753.0,Orlando,Magic,ORL,0,0,,,,,,0,0,,,,,,0
0021400485,268,1,1,3,8:24 PM,8:00,,,Jack 9' Jump Shot (6 PTS),59 - 50,-9,5,101127,Jarrett Jack,1610612751.0,Brooklyn,Nets,BKN,0,0,,,,,,0,0,,,,,,1
0021400485,269,5,1,3,8:25 PM,7:47,O'Quinn Bad Pass Turnover (P2.T6),,,,,4,203124,Kyle O'Quinn,1610612753.0,Orlando,Magic,ORL,0,0,,,,,,0,0,,,,,,1
0021400485,270,1,5,3,8:25 PM,7:33,,,Johnson 2' Layup (10 PTS),61 - 50,-11,5,2207,Joe Johnson,1610612751.0,Brooklyn,Nets,BKN,0,0,,,,,,0,0,,,,,,1
0021400485,271,2,5,3,8:25 PM,7:07,MISS O'Quinn 2' Layup,,Plumlee BLOCK (1 BLK),,,4,203124,Kyle O'Quinn,1610612753.0,Orlando,Magic,ORL,0,0,,,,,,5,203486,Mason Plumlee,1610612751.0,Brooklyn,Nets,BKN,1
0021400485,272,4,0,3,8:26 PM,7:05,,,Johnson REBOUND (Off:0 Def:2),,,5,2207,Joe Johnson,1610612751.0,Brooklyn,Nets,BKN,0,0,,,,,,0,0,,,,,,1
0021400485,273,1,52,3,8:26 PM,6:59,,,Plumlee  Alley Oop Dunk (10 PTS) (Jack 2 AST),63 - 50,-13,5,203486,Mason Plumlee,1610612751.0,Brooklyn,Nets,BKN,5,101127,Jarrett Jack,1610612751.0,Brooklyn,Nets,BKN,0,0,,,,,,1
0021400485,274,1,42,3,8:26 PM,6:43,O'Quinn 2' Driving Layup (4 PTS) (Payton 6 AST),,,63 - 52,-11,4,203124,Kyle O'Quinn,1610612753.0,Orlando,Magic,ORL,4,203901,Elfrid Payton,1610612753.0,Orlando,Magic,ORL,0,0,,,,,,1
0021400485,275,7,5,3,8:26 PM,6:30,Harris Violation:Kicked Ball,,,,,4,202699,Tobias Harris,1610612753.0,Orlando,Magic,ORL,0,0,,,,,,1,0,,,,,,0
0021400485,276,8,0,3,8:26 PM,6:30,SUB: Frye FOR O'Quinn,,,,,4,203124,Kyle O'Quinn,1610612753.0,Orlando,Magic,ORL,4,101112,Channing Frye,1610612753.0,Orlando,Magic,ORL,0,0,,,,,,0
0021400485,277,1,80,3,8:27 PM,6:21,,,Johnson 13' Step Back Jump Shot (12 PTS),65 - 52,-13,5,2207,Joe Johnson,1610612751.0,Brooklyn,Nets,BKN,0,0,,,,,,0,0,,,,,,1
0021400485,278,5,1,3,8:27 PM,6:08,Payton Bad Pass Turnover (P2.T7),,Garnett STEAL (2 STL),,,4,203901,Elfrid Payton,1610612753.0,Orlando,Magic,ORL,5,708,Kevin Garnett,1610612751.0,Brooklyn,Nets,BKN,0,0,,,,,,1
0021400485,279,1,8,3,8:27 PM,6:03,,,Plumlee  Slam Dunk (12 PTS) (Jack 3 AST),67 - 52,-15,5,203486,Mason Plumlee,1610612751.0,Brooklyn,Nets,BKN,5,101127,Jarrett Jack,1610612751.0,Brooklyn,Nets,BKN,0,0,,,,,,1
0021400485,280,9,1,3,8:27 PM,6:03,MAGIC Timeout: Regular (Full 3 Short 1),,,,,2,1610612753,,,,,,0,0,,,,,,0,0,,,,,,0
0021400485,285,2,47,3,8:29 PM,5:41,MISS Harris 12' Turnaround Jump Shot,,,,,4,202699,Tobias Harris,1610612753.0,Orlando,Magic,ORL,0,0,,,,,,0,0,,,,,,1
0021400485,286,4,0,3,8:29 PM,5:40,,,Garnett REBOUND (Off:0 Def:5),,,5,708,Kevin Garnett,1610612751.0,Brooklyn,Nets,BKN,0,0,,,,,,0,0,,,,,,1
0021400485,287,1,1,3,8:30 PM,5:26,,,Garnett 25' 3PT Jump Shot (9 PTS) (Johnson 4 AST),70 - 52,-18,5,708,Kevin Garnett,1610612751.0,Brooklyn,Nets,BKN,5,2207,Joe Johnson,1610612751.0,Brooklyn,Nets,BKN,0,0,,,,,,1
0021400485,288,2,42,3,8:30 PM,5:09,MISS Oladipo 2' Driving Layup,,,,,4,203506,Victor Oladipo,1610612753.0,Orlando,Magic,ORL,0,0,,,,,,0,0,,,,,,1
0021400485,289,4,0,3,8:30 PM,5:07,,,Jack REBOUND (Off:0 Def:6),,,5,101127,Jarrett Jack,1610612751.0,Brooklyn,Nets,BKN,0,0,,,,,,0,0,,,,,,1
0021400485,290,1,46,3,8:30 PM,4:59,,,Karasev 10' Running Jump Shot (7 PTS) (Jack 4 AST),72 - 52,-20,5,203508,Sergey Karasev,1610612751.0,Brooklyn,Nets,BKN,5,101127,Jarrett Jack,1610612751.0,Brooklyn,Nets,BKN,0,0,,,,,,1
0021400485,291,1,1,3,8:31 PM,4:36,Frye 26' 3PT Jump Shot (8 PTS) (Oladipo 3 AST),,,72 - 55,-17,4,101112,Channing Frye,1610612753.0,Orlando,Magic,ORL,4,203506,Victor Oladipo,1610612753.0,Orlando,Magic,ORL,0,0,,,,,,1
0021400485,293,8,0,3,8:31 PM,4:18,SUB: Fournier FOR Payton,,,,,4,203901,Elfrid Payton,1610612753.0,Orlando,Magic,ORL,4,203095,Evan Fournier,1610612753.0,Orlando,Magic,ORL,0,0,,,,,,0
0021400485,294,1,5,3,8:31 PM,4:11,,,Plumlee 3' Layup (14 PTS),74 - 55,-19,5,203486,Mason Plumlee,1610612751.0,Brooklyn,Nets,BKN,0,0,,,,,,0,0,,,,,,1
0021400485,295,1,5,3,8:32 PM,3:52,Harris 3' Layup (12 PTS),,,74 - 57,-17,4,202699,Tobias Harris,1610612753.0,Orlando,Magic,ORL,0,0,,,,,,0,0,,,,,,1
0021400485,296,2,1,3,8:32 PM,3:28,,,MISS Karasev 27' 3PT Jump Shot,,,5,203508,Sergey Karasev,1610612751.0,Brooklyn,Nets,BKN,0,0,,,,,,0,0,,,,,,1
0021400485,297,4,0,3,8:32 PM,3:28,,,Plumlee REBOUND (Off:2 Def:6),,,5,203486,Mason Plumlee,1610612751.0,Brooklyn,Nets,BKN,0,0,,,,,,0,0,,,,,,1
0021400485,298,1,5,3,8:32 PM,3:28,,,Plumlee 2' Layup (16 PTS),76 - 57,-19,5,203486,Mason Plumlee,1610612751.0,Brooklyn,Nets,BKN,0,0,,,,,,0,0,,,,,,1
0021400485,299,6,2,3,8:32 PM,3:28,Vucevic S.FOUL (P1.T4),,,,,4,202696,Nikola Vučević,1610612753.0,Orlando,Magic,ORL,5,203486,Mason Plumlee,1610612751.0,Brooklyn,Nets,BKN,1,0,,,,,,1
0021400485,300,8,0,3,8:32 PM,3:28,SUB: O'Quinn FOR Vucevic,,,,,4,202696,Nikola Vučević,1610612753.0,Orlando,Magic,ORL,4,203124,Kyle O'Quinn,1610612753.0,Orlando,Magic,ORL,0,0,,,,,,0
0021400485,301,8,0,3,8:32 PM,3:28,,,SUB: Teletovic FOR Garnett,,,5,708,Kevin Garnett,1610612751.0,Brooklyn,Nets,BKN,5,203141,Mirza Teletovic,1610612751.0,Brooklyn,Nets,BKN,0,0,,,,,,0
0021400485,302,3,10,3,8:32 PM,3:28,,,MISS Plumlee Free Throw 1 of 1,,,5,203486,Mason Plumlee,1610612751.0,Brooklyn,Nets,BKN,0,0,,,,,,0,0,,,,,,0
0021400485,304,4,0,3,8:33 PM,3:27,Harris REBOUND (Off:0 Def:3),,,,,4,202699,Tobias Harris,1610612753.0,Orlando,Magic,ORL,0,0,,,,,,0,0,,,,,,1
0021400485,305,1,42,3,8:33 PM,3:08,Oladipo 2' Driving Layup (17 PTS),,,76 - 59,-17,4,203506,Victor Oladipo,1610612753.0,Orlando,Magic,ORL,0,0,,,,,,0,0,,,,,,1
0021400485,306,5,2,3,8:33 PM,2:45,Harris STEAL (3 STL),,Plumlee Lost Ball Turnover (P3.T14),,,5,203486,Mason Plumlee,1610612751.0,Brooklyn,Nets,BKN,4,202699,Tobias Harris,1610612753.0,Orlando,Magic,ORL,0,0,,,,,,1
0021400485,307,2,5,3,8:33 PM,2:35,MISS Oladipo 3' Layup,,Plumlee BLOCK (2 BLK),,,4,203506,Victor Oladipo,1610612753.0,Orlando,Magic,ORL,0,0,,,,,,5,203486,Mason Plumlee,1610612751.0,Brooklyn,Nets,BKN,1
0021400485,308,4,0,3,8:34 PM,2:33,O'Quinn REBOUND (Off:1 Def:3),,,,,4,203124,Kyle O'Quinn,1610612753.0,Orlando,Magic,ORL,0,0,,,,,,0,0,,,,,,1
0021400485,309,2,1,3,8:34 PM,2:32,MISS O'Quinn 6' Jump Shot,,,,,4,203124,Kyle O'Quinn,1610612753.0,Orlando,Magic,ORL,0,0,,,,,,0,0,,,,,,1
0021400485,310,4,0,3,8:34 PM,2:32,,,Nets Rebound,,,3,1610612751,,,,,,0,0,,,,,,0,0,,,,,,0
0021400485,311,9,1,3,8:34 PM,2:32,,,Nets Timeout: Regular (Reg.3 Short 0),,,3,1610612751,,,,,,0,0,,,,,,0,0,,,,,,0
0021400485,314,8,0,3,8:36 PM,2:32,,,SUB: Lopez FOR Johnson,,,5,2207,Joe Johnson,1610612751.0,Brooklyn,Nets,BKN,5,201572,Brook Lopez,1610612751.0,Brooklyn,Nets,BKN,0,0,,,,,,0
0021400485,315,8,0,3,8:36 PM,2:32,,,SUB: Anderson FOR Plumlee,,,5,203486,Mason Plumlee,1610612751.0,Brooklyn,Nets,BKN,5,101187,Alan Anderson,1610612751.0,Brooklyn,Nets,BKN,0,0,,,,,,0
0021400485,316,8,0,3,8:36 PM,2:32,,,SUB: D. Williams FOR Jack,,,5,101127,Jarrett Jack,1610612751.0,Brooklyn,Nets,BKN,5,101114,Deron Williams,1610612751.0,Brooklyn,Nets,BKN,0,0,,,,,,0
0021400485,317,1,1,3,8:36 PM,2:25,,,Lopez 5' Jump Shot (9 PTS) (D. Williams 5 AST),78 - 59,-19,5,201572,Brook Lopez,1610612751.0,Brooklyn,Nets,BKN,5,101114,Deron Williams,1610612751.0,Brooklyn,Nets,BKN,0,0,,,,,,1
0021400485,318,6,2,3,8:36 PM,2:25,Frye S.FOUL (P2.PN),,,,,4,101112,Channing Frye,1610612753.0,Orlando,Magic,ORL,5,201572,Brook Lopez,1610612751.0,Brooklyn,Nets,BKN,1,0,,,,,,1
0021400485,319,3,10,3,8:37 PM,2:25,,,Lopez Free Throw 1 of 1 (10 PTS),79 - 59,-20,5,201572,Brook Lopez,1610612751.0,Brooklyn,Nets,BKN,0,0,,,,,,0,0,,,,,,0
0021400485,321,6,2,3,8:37 PM,2:11,,,Karasev S.FOUL (P1.T3),,,5,203508,Sergey Karasev,1610612751.0,Brooklyn,Nets,BKN,4,203095,Evan Fournier,1610612753.0,Orlando,Magic,ORL,1,0,,,,,,1
0021400485,322,3,11,3,8:37 PM,2:11,MISS Fournier Free Throw 1 of 2,,,,,4,203095,Evan Fournier,1610612753.0,Orlando,Magic,ORL,0,0,,,,,,0,0,,,,,,0
0021400485,323,4,1,3,8:37 PM,2:11,MAGIC Rebound,,,,,2,1610612753,,,,,,0,0,,,,,,0,0,,,,,,0
0021400485,324,8,0,3,8:38 PM,2:11,SUB: Gordon FOR Harris,,,,,4,202699,Tobias Harris,1610612753.0,Orlando,Magic,ORL,4,2732,Ben Gordon,1610612753.0,Orlando,Magic,ORL,0,0,,,,,,0
0021400485,325,3,12,3,8:38 PM,2:11,Fournier Free Throw 2 of 2 (5 PTS),,,79 - 60,-19,4,203095,Evan Fournier,1610612753.0,Orlando,Magic,ORL,0,0,,,,,,0,0,,,,,,0
0021400485,327,2,1,3,8:38 PM,2:00,,,MISS Teletovic 25' 3PT Jump Shot,,,5,203141,Mirza Teletovic,1610612751.0,Brooklyn,Nets,BKN,0,0,,,,,,0,0,,,,,,1
0021400485,328,4,0,3,8:38 PM,1:58,Oladipo REBOUND (Off:0 Def:3),,,,,4,203506,Victor Oladipo,1610612753.0,Orlando,Magic,ORL,0,0,,,,,,0,0,,,,,,1
0021400485,329,5,1,3,8:38 PM,1:47,Oladipo Bad Pass Turnover (P2.T8),,Teletovic STEAL (1 STL),,,4,203506,Victor Oladipo,1610612753.0,Orlando,Magic,ORL,5,203141,Mirza Teletovic,1610612751.0,Brooklyn,Nets,BKN,0,0,,,,,,1
0021400485,330,1,49,3,8:38 PM,1:44,,,Teletovic  Driving Dunk (9 PTS),81 - 60,-21,5,203141,Mirza Teletovic,1610612751.0,Brooklyn,Nets,BKN,0,0,,,,,,0,0,,,,,,1
0021400485,331,2,79,3,8:39 PM,1:28,MISS Oladipo 19' Pullup Jump Shot,,,,,4,203506,Victor Oladipo,1610612753.0,Orlando,Magic,ORL,0,0,,,,,,0,0,,,,,,1
0021400485,332,4,0,3,8:39 PM,1:27,,,Lopez REBOUND (Off:2 Def:5),,,5,201572,Brook Lopez,1610612751.0,Brooklyn,Nets,BKN,0,0,,,,,,0,0,,,,,,1
0021400485,333,6,2,3,8:39 PM,1:17,Gordon S.FOUL (P2.PN),,,,,4,2732,Ben Gordon,1610612753.0,Orlando,Magic,ORL,5,101114,Deron Williams,1610612751.0,Brooklyn,Nets,BKN,1,0,,,,,,1
0021400485,334,3,11,3,8:39 PM,1:17,,,D. Williams Free Throw 1 of 2 (11 PTS),82 - 60,-22,5,101114,Deron Williams,1610612751.0,Brooklyn,Nets,BKN,0,0,,,,,,0,0,,,,,,0
0021400485,336,8,0,3,8:39 PM,1:17,SUB: Payton FOR Oladipo,,,,,4,203506,Victor Oladipo,1610612753.0,Orlando,Magic,ORL,4,203901,Elfrid Payton,1610612753.0,Orlando,Magic,ORL,0,0,,,,,,0
0021400485,337,3,12,3,8:39 PM,1:17,,,D. Williams Free Throw 2 of 2 (12 PTS),83 - 60,-23,5,101114,Deron Williams,1610612751.0,Brooklyn,Nets,BKN,0,0,,,,,,0,0,,,,,,0
0021400485,339,6,27,3,8:40 PM,1:01,,,Karasev Personal Block Foul (P2.T4),,,5,203508,Sergey Karasev,1610612751.0,Brooklyn,Nets,BKN,4,203095,Evan Fournier,1610612753.0,Orlando,Magic,ORL,1,0,,,,,,1
0021400485,340,2,3,3,8:40 PM,0:53,MISS O'Quinn 6' Hook Shot,,,,,4,203124,Kyle O'Quinn,1610612753.0,Orlando,Magic,ORL,0,0,,,,,,0,0,,,,,,1
0021400485,341,4,0,3,8:40 PM,0:53,MAGIC Rebound,,,,,2,1610612753,,,,,,0,0,,,,,,0,0,,,,,,0
0021400485,342,2,1,3,8:41 PM,0:46,MISS Gordon 24' 3PT Jump Shot,,,,,4,2732,Ben Gordon,1610612753.0,Orlando,Magic,ORL,0,0,,,,,,0,0,,,,,,1
0021400485,343,4,0,3,8:41 PM,0:45,,,Karasev REBOUND (Off:0 Def:3),,,5,203508,Sergey Karasev,1610612751.0,Brooklyn,Nets,BKN,0,0,,,,,,0,0,,,,,,1
0021400485,344,1,1,3,8:41 PM,0:36,,,D. Williams 26' 3PT Jump Shot (15 PTS),86 - 60,-26,5,101114,Deron Williams,1610612751.0,Brooklyn,Nets,BKN,0,0,,,,,,0,0,,,,,,1
0021400485,345,6,2,3,8:41 PM,0:27,,,Anderson S.FOUL (P2.PN),,,5,101187,Alan Anderson,1610612751.0,Brooklyn,Nets,BKN,4,203095,Evan Fournier,1610612753.0,Orlando,Magic,ORL,1,0,,,,,,1
0021400485,346,3,11,3,8:41 PM,0:27,Fournier Free Throw 1 of 2 (6 PTS),,,86 - 61,-25,4,203095,Evan Fournier,1610612753.0,Orlando,Magic,ORL,0,0,,,,,,0,0,,,,,,0
0021400485,348,3,12,3,8:42 PM,0:27,MISS Fournier Free Throw 2 of 2,,,,,4,203095,Evan Fournier,1610612753.0,Orlando,Magic,ORL,0,0,,,,,,0,0,,,,,,0
0021400485,350,4,0,3,8:42 PM,0:26,,,Lopez REBOUND (Off:2 Def:6),,,5,201572,Brook Lopez,1610612751.0,Brooklyn,Nets,BKN,0,0,,,,,,0,0,,,,,,1
0021400485,351,2,46,3,8:42 PM,0:09,,,MISS D. Williams 10' Running Jump Shot,,,5,101114,Deron Williams,1610612751.0,Brooklyn,Nets,BKN,0,0,,,,,,0,0,,,,,,1
0021400485,352,4,0,3,8:42 PM,0:07,Payton REBOUND (Off:2 Def:4),,,,,4,203901,Elfrid Payton,1610612753.0,Orlando,Magic,ORL,0,0,,,,,,0,0,,,,,,1
0021400485,353,2,1,3,8:42 PM,0:00,MISS Payton 3' Jump Shot,,Lopez BLOCK (3 BLK),,,4,203901,Elfrid Payton,1610612753.0,Orlando,Magic,ORL,0,0,,,,,,5,201572,Brook Lopez,1610612751.0,Brooklyn,Nets,BKN,1
0021400485,354,4,0,3,8:42 PM,0:00,MAGIC Rebound,,,,,2,1610612753,,,,,,0,0,,,,,,0,0,,,,,,0
0021400485,355,13,0,3,8:42 PM,0:00,,,,86 - 61,-25,0,0,,,,,,0,0,,,,,,0,0,,,,,,0
0021400485,357,12,0,4,8:45 PM,12:00,,,,86 - 61,-25,0,0,,,,,,0,0,,,,,,0,0,,,,,,0
0021400485,358,7,5,4,8:45 PM,11:49,Frye Violation:Kicked Ball,,,,,4,101112,Channing Frye,1610612753.0,Orlando,Magic,ORL,0,0,,,,,,1,0,,,,,,0
0021400485,359,2,5,4,8:46 PM,11:44,,,MISS Lopez 3' Layup,,,5,201572,Brook Lopez,1610612751.0,Brooklyn,Nets,BKN,0,0,,,,,,0,0,,,,,,1
0021400485,360,4,0,4,8:46 PM,11:42,Frye REBOUND (Off:0 Def:1),,,,,4,101112,Channing Frye,1610612753.0,Orlando,Magic,ORL,0,0,,,,,,0,0,,,,,,1
0021400485,361,1,78,4,8:46 PM,11:25,Payton 7' Floating Jump Shot (5 PTS) (Fournier 4 AST),,,86 - 63,-23,4,203901,Elfrid Payton,1610612753.0,Orlando,Magic,ORL,4,203095,Evan Fournier,1610612753.0,Orlando,Magic,ORL,0,0,,,,,,1
0021400485,362,6,1,4,8:46 PM,11:03,Gordon P.FOUL (P3.T1),,,,,4,2732,Ben Gordon,1610612753.0,Orlando,Magic,ORL,5,203508,Sergey Karasev,1610612751.0,Brooklyn,Nets,BKN,1,0,,,,,,1
0021400485,363,1,1,4,8:47 PM,10:55,,,Lopez 9' Jump Shot (12 PTS),88 - 63,-25,5,201572,Brook Lopez,1610612751.0,Brooklyn,Nets,BKN,0,0,,,,,,0,0,,,,,,1
0021400485,364,2,1,4,8:47 PM,10:42,MISS Frye 26' 3PT Jump Shot,,,,,4,101112,Channing Frye,1610612753.0,Orlando,Magic,ORL,0,0,,,,,,0,0,,,,,,1
0021400485,365,4,0,4,8:47 PM,10:40,Payton REBOUND (Off:3 Def:4),,,,,4,203901,Elfrid Payton,1610612753.0,Orlando,Magic,ORL,0,0,,,,,,0,0,,,,,,1
0021400485,366,5,2,4,8:47 PM,10:37,Fournier Lost Ball Turnover (P1.T9),,Karasev STEAL (1 STL),,,4,203095,Evan Fournier,1610612753.0,Orlando,Magic,ORL,5,203508,Sergey Karasev,1610612751.0,Brooklyn,Nets,BKN,0,0,,,,,,1
0021400485,367,6,1,4,8:47 PM,10:27,Fournier P.FOUL (P1.T2),,,,,4,203095,Evan Fournier,1610612753.0,Orlando,Magic,ORL,5,203141,Mirza Teletovic,1610612751.0,Brooklyn,Nets,BKN,1,0,,,,,,1
0021400485,368,5,4,4,8:48 PM,10:20,,,Lopez Traveling Turnover (P1.T15),,,5,201572,Brook Lopez,1610612751.0,Brooklyn,Nets,BKN,0,0,,,,,,1,0,,,,,,1
0021400485,369,1,49,4,8:48 PM,10:13,Payton  Driving Dunk (7 PTS),,,88 - 65,-23,4,203901,Elfrid Payton,1610612753.0,Orlando,Magic,ORL,0,0,,,,,,0,0,,,,,,1
0021400485,370,1,7,4,8:48 PM,9:56,,,Lopez  Dunk (14 PTS) (Teletovic 2 AST),90 - 65,-25,5,201572,Brook Lopez,1610612751.0,Brooklyn,Nets,BKN,5,203141,Mirza Teletovic,1610612751.0,Brooklyn,Nets,BKN,0,0,,,,,,1
0021400485,371,1,1,4,8:49 PM,9:39,Fournier 26' 3PT Jump Shot (9 PTS) (Payton 7 AST),,,90 - 68,-22,4,203095,Evan Fournier,1610612753.0,Orlando,Magic,ORL,4,203901,Elfrid Payton,1610612753.0,Orlando,Magic,ORL,0,0,,,,,,1
0021400485,372,2,5,4,8:49 PM,9:19,,,MISS Teletovic 3' Layup,,,5,203141,Mirza Teletovic,1610612751.0,Brooklyn,Nets,BKN,0,0,,,,,,0,0,,,,,,1
0021400485,373,4,0,4,8:49 PM,9:18,Frye REBOUND (Off:0 Def:2),,,,,4,101112,Channing Frye,1610612753.0,Orlando,Magic,ORL,0,0,,,,,,0,0,,,,,,1
0021400485,374,2,1,4,8:49 PM,9:05,MISS Fournier 25' 3PT Jump Shot,,,,,4,203095,Evan Fournier,1610612753.0,Orlando,Magic,ORL,0,0,,,,,,0,0,,,,,,1
0021400485,375,4,0,4,8:49 PM,9:04,,,Anderson REBOUND (Off:0 Def:2),,,5,101187,Alan Anderson,1610612751.0,Brooklyn,Nets,BKN,0,0,,,,,,0,0,,,,,,1
0021400485,376,1,8,4,8:49 PM,8:51,,,Lopez  Slam Dunk (16 PTS) (Karasev 5 AST),92 - 68,-24,5,201572,Brook Lopez,1610612751.0,Brooklyn,Nets,BKN,5,203508,Sergey Karasev,1610612751.0,Brooklyn,Nets,BKN,0,0,,,,,,1
0021400485,377,1,1,4,8:50 PM,8:34,Gordon  3PT Jump Shot (4 PTS) (Payton 8 AST),,,92 - 71,-21,4,2732,Ben Gordon,1610612753.0,Orlando,Magic,ORL,4,203901,Elfrid Payton,1610612753.0,Orlando,Magic,ORL,0,0,,,,,,1
0021400485,378,9,1,4,8:50 PM,8:33,,,Nets Timeout: Regular (Reg.4 Short 0),,,3,1610612751,,,,,,0,0,,,,,,0,0,,,,,,0
0021400485,380,8,0,4,8:52 PM,8:33,,,SUB: Johnson FOR Karasev,,,5,203508,Sergey Karasev,1610612751.0,Brooklyn,Nets,BKN,5,2207,Joe Johnson,1610612751.0,Brooklyn,Nets,BKN,0,0,,,,,,0
0021400485,382,1,1,4,8:52 PM,8:16,,,Anderson  3PT Jump Shot (5 PTS) (D. Williams 6 AST),95 - 71,-24,5,101187,Alan Anderson,1610612751.0,Brooklyn,Nets,BKN,5,101114,Deron Williams,1610612751.0,Brooklyn,Nets,BKN,0,0,,,,,,1
0021400485,383,2,1,4,8:53 PM,8:01,MISS Frye 26' 3PT Jump Shot,,,,,4,101112,Channing Frye,1610612753.0,Orlando,Magic,ORL,0,0,,,,,,0,0,,,,,,1
0021400485,384,4,0,4,8:53 PM,7:59,,,Teletovic REBOUND (Off:0 Def:4),,,5,203141,Mirza Teletovic,1610612751.0,Brooklyn,Nets,BKN,0,0,,,,,,0,0,,,,,,1
0021400485,385,2,1,4,8:53 PM,7:47,,,MISS Johnson 19' Jump Shot,,,5,2207,Joe Johnson,1610612751.0,Brooklyn,Nets,BKN,0,0,,,,,,0,0,,,,,,1
0021400485,386,4,0,4,8:53 PM,7:46,Gordon REBOUND (Off:0 Def:2),,,,,4,2732,Ben Gordon,1610612753.0,Orlando,Magic,ORL,0,0,,,,,,0,0,,,,,,1
0021400485,387,1,79,4,8:53 PM,7:37,Gordon 20' Pullup Jump Shot (6 PTS),,,95 - 73,-22,4,2732,Ben Gordon,1610612753.0,Orlando,Magic,ORL,0,0,,,,,,0,0,,,,,,1
0021400485,388,2,1,4,8:53 PM,7:19,,,MISS Teletovic 26' 3PT Jump Shot,,,5,203141,Mirza Teletovic,1610612751.0,Brooklyn,Nets,BKN,0,0,,,,,,0,0,,,,,,1
0021400485,389,4,0,4,8:53 PM,7:17,Gordon REBOUND (Off:0 Def:3),,,,,4,2732,Ben Gordon,1610612753.0,Orlando,Magic,ORL,0,0,,,,,,0,0,,,,,,1
0021400485,390,1,73,4,8:54 PM,7:06,Gordon 2' Driving Reverse Layup (8 PTS),,,95 - 75,-20,4,2732,Ben Gordon,1610612753.0,Orlando,Magic,ORL,0,0,,,,,,0,0,,,,,,1
0021400485,391,9,2,4,8:54 PM,7:06,,,Nets Timeout: Short (Reg.4 Short 1),,,3,1610612751,,,,,,0,0,,,,,,0,0,,,,,,0
0021400485,393,8,0,4,8:54 PM,7:06,,,SUB: Jack FOR Lopez,,,5,201572,Brook Lopez,1610612751.0,Brooklyn,Nets,BKN,5,101127,Jarrett Jack,1610612751.0,Brooklyn,Nets,BKN,0,0,,,,,,0
0021400485,394,8,0,4,8:54 PM,7:06,,,SUB: Plumlee FOR Teletovic,,,5,203141,Mirza Teletovic,1610612751.0,Brooklyn,Nets,BKN,5,203486,Mason Plumlee,1610612751.0,Brooklyn,Nets,BKN,0,0,,,,,,0
0021400485,396,6,2,4,8:55 PM,6:57,Gordon S.FOUL (P4.T3),,,,,4,2732,Ben Gordon,1610612753.0,Orlando,Magic,ORL,5,203486,Mason Plumlee,1610612751.0,Brooklyn,Nets,BKN,1,0,,,,,,1
0021400485,397,3,11,4,8:55 PM,6:57,,,MISS Plumlee Free Throw 1 of 2,,,5,203486,Mason Plumlee,1610612751.0,Brooklyn,Nets,BKN,0,0,,,,,,0,0,,,,,,0
0021400485,398,4,1,4,8:55 PM,6:57,,,Nets Rebound,,,3,1610612751,,,,,,0,0,,,,,,0,0,,,,,,0
0021400485,399,3,12,4,8:55 PM,6:57,,,MISS Plumlee Free Throw 2 of 2,,,5,203486,Mason Plumlee,1610612751.0,Brooklyn,Nets,BKN,0,0,,,,,,0,0,,,,,,0
0021400485,401,4,0,4,8:55 PM,6:57,Frye REBOUND (Off:0 Def:3),,,,,4,101112,Channing Frye,1610612753.0,Orlando,Magic,ORL,0,0,,,,,,0,0,,,,,,1
0021400485,403,1,71,4,8:56 PM,6:45,Gordon 3' Finger Roll Layup (10 PTS),,,95 - 77,-18,4,2732,Ben Gordon,1610612753.0,Orlando,Magic,ORL,0,0,,,,,,0,0,,,,,,1
0021400485,404,7,1,4,8:56 PM,6:45,MAGIC Violation: Delay of game Violation,,,,,2,1610612753,,,,,,0,0,,,,,,1,0,,,,,,0
0021400485,405,2,1,4,8:57 PM,6:30,Payton BLOCK (1 BLK),,MISS D. Williams 19' Jump Shot,,,5,101114,Deron Williams,1610612751.0,Brooklyn,Nets,BKN,0,0,,,,,,4,203901,Elfrid Payton,1610612753.0,Orlando,Magic,ORL,1
0021400485,406,4,0,4,8:57 PM,6:28,Gordon REBOUND (Off:0 Def:4),,,,,4,2732,Ben Gordon,1610612753.0,Orlando,Magic,ORL,0,0,,,,,,0,0,,,,,,1
0021400485,407,5,1,4,8:57 PM,6:26,Gordon Bad Pass Turnover (P1.T10),,Plumlee STEAL (1 STL),,,4,2732,Ben Gordon,1610612753.0,Orlando,Magic,ORL,5,203486,Mason Plumlee,1610612751.0,Brooklyn,Nets,BKN,0,0,,,,,,1
0021400485,409,5,1,4,8:57 PM,6:14,Marble STEAL (1 STL),,Plumlee Bad Pass Turnover (P4.T16),,,5,203486,Mason Plumlee,1610612751.0,Brooklyn,Nets,BKN,4,203906,Devyn Marble,1610612753.0,Orlando,Magic,ORL,0,0,,,,,,1
0021400485,410,6,2,4,8:57 PM,6:10,,,Anderson S.FOUL (P3.T1),,,5,101187,Alan Anderson,1610612751.0,Brooklyn,Nets,BKN,4,2732,Ben Gordon,1610612753.0,Orlando,Magic,ORL,1,0,,,,,,1
0021400485,411,3,11,4,8:57 PM,6:10,Gordon Free Throw 1 of 2 (11 PTS),,,95 - 78,-17,4,2732,Ben Gordon,1610612753.0,Orlando,Magic,ORL,0,0,,,,,,0,0,,,,,,0
0021400485,413,8,0,4,8:58 PM,6:10,,,SUB: Garnett FOR Plumlee,,,5,203486,Mason Plumlee,1610612751.0,Brooklyn,Nets,BKN,5,708,Kevin Garnett,1610612751.0,Brooklyn,Nets,BKN,0,0,,,,,,0
0021400485,414,3,12,4,8:58 PM,6:10,Gordon Free Throw 2 of 2 (12 PTS),,,95 - 79,-16,4,2732,Ben Gordon,1610612753.0,Orlando,Magic,ORL,0,0,,,,,,0,0,,,,,,0
0021400485,416,6,4,4,8:58 PM,6:03,,,Garnett OFF.Foul (P1),,,5,708,Kevin Garnett,1610612751.0,Brooklyn,Nets,BKN,4,203901,Elfrid Payton,1610612753.0,Orlando,Magic,ORL,1,0,,,,,,1
0021400485,417,5,5,4,8:58 PM,6:03,,,Garnett Foul Turnover (P2.T17),,,5,708,Kevin Garnett,1610612751.0,Brooklyn,Nets,BKN,0,0,,,,,,1,0,,,,,,1
0021400485,418,2,1,4,8:59 PM,5:54,MISS Marble 24' 3PT Jump Shot,,,,,4,203906,Devyn Marble,1610612753.0,Orlando,Magic,ORL,0,0,,,,,,0,0,,,,,,1
0021400485,419,4,0,4,8:59 PM,5:53,,,Garnett REBOUND (Off:0 Def:6),,,5,708,Kevin Garnett,1610612751.0,Brooklyn,Nets,BKN,0,0,,,,,,0,0,,,,,,1
0021400485,420,5,4,4,8:59 PM,5:39,,,Jack Traveling Turnover (P5.T18),,,5,101127,Jarrett Jack,1610612751.0,Brooklyn,Nets,BKN,0,0,,,,,,1,0,,,,,,1
0021400485,421,9,4,4,8:59 PM,5:39,,,,,,1,0,,,,,,0,0,,,,,,0,0,,,,,,0
0021400485,424,2,47,4,9:01 PM,5:20,MISS Frye 11' Turnaround Jump Shot,,,,,4,101112,Channing Frye,1610612753.0,Orlando,Magic,ORL,0,0,,,,,,0,0,,,,,,1
0021400485,425,4,0,4,9:01 PM,5:18,,,Johnson REBOUND (Off:0 Def:3),,,5,2207,Joe Johnson,1610612751.0,Brooklyn,Nets,BKN,0,0,,,,,,0,0,,,,,,1
0021400485,426,2,1,4,9:02 PM,4:59,,,MISS Jack 24' 3PT Jump Shot,,,5,101127,Jarrett Jack,1610612751.0,Brooklyn,Nets,BKN,0,0,,,,,,0,0,,,,,,1
0021400485,427,4,0,4,9:02 PM,4:58,Marble REBOUND (Off:0 Def:2),,,,,4,203906,Devyn Marble,1610612753.0,Orlando,Magic,ORL,0,0,,,,,,0,0,,,,,,1
0021400485,428,1,49,4,9:02 PM,4:46,Payton  Driving Dunk (9 PTS),,,95 - 81,-14,4,203901,Elfrid Payton,1610612753.0,Orlando,Magic,ORL,0,0,,,,,,0,0,,,,,,1
0021400485,429,2,63,4,9:02 PM,4:20,,,MISS Anderson 11' Fadeaway Jumper,,,5,101187,Alan Anderson,1610612751.0,Brooklyn,Nets,BKN,0,0,,,,,,0,0,,,,,,1
0021400485,430,4,0,4,9:02 PM,4:18,Marble REBOUND (Off:0 Def:3),,,,,4,203906,Devyn Marble,1610612753.0,Orlando,Magic,ORL,0,0,,,,,,0,0,,,,,,1
0021400485,431,2,5,4,9:02 PM,4:10,MISS Fournier 3' Layup,,,,,4,203095,Evan Fournier,1610612753.0,Orlando,Magic,ORL,0,0,,,,,,0,0,,,,,,1
0021400485,432,4,0,4,9:02 PM,4:09,,,Johnson REBOUND (Off:0 Def:4),,,5,2207,Joe Johnson,1610612751.0,Brooklyn,Nets,BKN,0,0,,,,,,0,0,,,,,,1
0021400485,433,2,80,4,9:03 PM,3:53,,,MISS D. Williams 18' Step Back Jump Shot,,,5,101114,Deron Williams,1610612751.0,Brooklyn,Nets,BKN,0,0,,,,,,0,0,,,,,,1
0021400485,434,4,0,4,9:03 PM,3:52,Frye REBOUND (Off:0 Def:4),,,,,4,101112,Channing Frye,1610612753.0,Orlando,Magic,ORL,0,0,,,,,,0,0,,,,,,1
0021400485,435,1,79,4,9:03 PM,3:41,Gordon 19' Pullup Jump Shot (14 PTS),,,95 - 83,-12,4,2732,Ben Gordon,1610612753.0,Orlando,Magic,ORL,0,0,,,,,,0,0,,,,,,1
0021400485,436,2,1,4,9:03 PM,3:16,,,MISS Anderson  3PT Jump Shot,,,5,101187,Alan Anderson,1610612751.0,Brooklyn,Nets,BKN,0,0,,,,,,0,0,,,,,,1
0021400485,437,4,0,4,9:03 PM,3:15,Marble REBOUND (Off:0 Def:4),,,,,4,203906,Devyn Marble,1610612753.0,Orlando,Magic,ORL,0,0,,,,,,0,0,,,,,,1
0021400485,439,9,1,4,9:04 PM,3:08,MAGIC Timeout: Regular (Full 4 Short 1),,,,,2,1610612753,,,,,,0,0,,,,,,0,0,,,,,,0
0021400485,440,8,0,4,9:06 PM,3:08,,,SUB: Karasev FOR Anderson,,,5,101187,Alan Anderson,1610612751.0,Brooklyn,Nets,BKN,5,203508,Sergey Karasev,1610612751.0,Brooklyn,Nets,BKN,0,0,,,,,,0
0021400485,441,1,79,4,9:06 PM,3:05,Marble 19' Pullup Jump Shot (2 PTS) (Payton 9 AST),,,95 - 85,-10,4,203906,Devyn Marble,1610612753.0,Orlando,Magic,ORL,4,203901,Elfrid Payton,1610612753.0,Orlando,Magic,ORL,0,0,,,,,,1
0021400485,442,5,1,4,9:06 PM,2:42,Frye STEAL (1 STL),,Johnson Bad Pass Turnover (P4.T19),,,5,2207,Joe Johnson,1610612751.0,Brooklyn,Nets,BKN,4,101112,Channing Frye,1610612753.0,Orlando,Magic,ORL,0,0,,,,,,1
0021400485,443,1,42,4,9:06 PM,2:36,Payton 2' Driving Layup (11 PTS),,,95 - 87,-8,4,203901,Elfrid Payton,1610612753.0,Orlando,Magic,ORL,0,0,,,,,,0,0,,,,,,1
0021400485,444,9,1,4,9:06 PM,2:36,,,Nets Timeout: Regular (Reg.5 Short 1),,,3,1610612751,,,,,,0,0,,,,,,0,0,,,,,,0
0021400485,445,8,0,4,9:08 PM,2:36,,,SUB: Plumlee FOR Garnett,,,5,708,Kevin Garnett,1610612751.0,Brooklyn,Nets,BKN,5,203486,Mason Plumlee,1610612751.0,Brooklyn,Nets,BKN,0,0,,,,,,0
0021400485,446,1,44,4,9:08 PM,2:21,,,Plumlee 1' Reverse Layup (18 PTS) (D. Williams 7 AST),97 - 87,-10,5,203486,Mason Plumlee,1610612751.0,Brooklyn,Nets,BKN,5,101114,Deron Williams,1610612751.0,Brooklyn,Nets,BKN,0,0,,,,,,1
0021400485,447,1,1,4,9:09 PM,2:08,Frye 26' 3PT Jump Shot (11 PTS) (Payton 10 AST),,,97 - 90,-7,4,101112,Channing Frye,1610612753.0,Orlando,Magic,ORL,4,203901,Elfrid Payton,1610612753.0,Orlando,Magic,ORL,0,0,,,,,,1
0021400485,448,5,40,4,9:09 PM,1:49,,,Karasev Out of Bounds Lost Ball Turnover (P2.T20),,,5,203508,Sergey Karasev,1610612751.0,Brooklyn,Nets,BKN,0,0,,,,,,0,0,,,,,,1
0021400485,449,1,1,4,9:09 PM,1:40,Fournier 24' 3PT Jump Shot (12 PTS) (Marble 1 AST),,,97 - 93,-4,4,203095,Evan Fournier,1610612753.0,Orlando,Magic,ORL,4,203906,Devyn Marble,1610612753.0,Orlando,Magic,ORL,0,0,,,,,,1
0021400485,450,6,2,4,9:10 PM,1:23,Payton S.FOUL (P3.T4),,,,,4,203901,Elfrid Payton,1610612753.0,Orlando,Magic,ORL,5,101114,Deron Williams,1610612751.0,Brooklyn,Nets,BKN,1,0,,,,,,1
0021400485,451,3,11,4,9:10 PM,1:23,,,MISS D. Williams Free Throw 1 of 2,,,5,101114,Deron Williams,1610612751.0,Brooklyn,Nets,BKN,0,0,,,,,,0,0,,,,,,0
0021400485,452,4,1,4,9:10 PM,1:23,,,Nets Rebound,,,3,1610612751,,,,,,0,0,,,,,,0,0,,,,,,0
0021400485,453,8,0,4,9:11 PM,1:23,,,SUB: Anderson FOR Plumlee,,,5,203486,Mason Plumlee,1610612751.0,Brooklyn,Nets,BKN,5,101187,Alan Anderson,1610612751.0,Brooklyn,Nets,BKN,0,0,,,,,,0
0021400485,454,9,1,4,9:11 PM,1:23,MAGIC Timeout: Regular (Full 5 Short 1),,,,,2,1610612753,,,,,,0,0,,,,,,0,0,,,,,,0
0021400485,458,3,12,4,9:12 PM,1:23,,,D. Williams Free Throw 2 of 2 (16 PTS),98 - 93,-5,5,101114,Deron Williams,1610612751.0,Brooklyn,Nets,BKN,0,0,,,,,,0,0,,,,,,0
0021400485,460,6,2,4,9:13 PM,1:14,,,Johnson S.FOUL (P3.T2),,,5,2207,Joe Johnson,1610612751.0,Brooklyn,Nets,BKN,4,203901,Elfrid Payton,1610612753.0,Orlando,Magic,ORL,1,0,,,,,,1
0021400485,461,3,11,4,9:13 PM,1:14,Payton Free Throw 1 of 2 (12 PTS),,,98 - 94,-4,4,203901,Elfrid Payton,1610612753.0,Orlando,Magic,ORL,0,0,,,,,,0,0,,,,,,0
0021400485,463,3,12,4,9:13 PM,1:14,MISS Payton Free Throw 2 of 2,,,,,4,203901,Elfrid Payton,1610612753.0,Orlando,Magic,ORL,0,0,,,,,,0,0,,,,,,0
0021400485,465,4,0,4,9:14 PM,1:14,,,Karasev REBOUND (Off:0 Def:4),,,5,203508,Sergey Karasev,1610612751.0,Brooklyn,Nets,BKN,0,0,,,,,,0,0,,,,,,1
0021400485,466,6,28,4,9:14 PM,1:12,Frye Personal Take Foul (P3.PN),,,,,4,101112,Channing Frye,1610612753.0,Orlando,Magic,ORL,5,203508,Sergey Karasev,1610612751.0,Brooklyn,Nets,BKN,1,0,,,,,,1
0021400485,467,3,11,4,9:14 PM,1:12,,,MISS Karasev Free Throw 1 of 2,,,5,203508,Sergey Karasev,1610612751.0,Brooklyn,Nets,BKN,0,0,,,,,,0,0,,,,,,0
0021400485,468,4,1,4,9:14 PM,1:12,,,Nets Rebound,,,3,1610612751,,,,,,0,0,,,,,,0,0,,,,,,0
0021400485,469,3,12,4,9:14 PM,1:12,,,MISS Karasev Free Throw 2 of 2,,,5,203508,Sergey Karasev,1610612751.0,Brooklyn,Nets,BKN,0,0,,,,,,0,0,,,,,,0
0021400485,471,4,0,4,9:14 PM,1:11,Fournier REBOUND (Off:0 Def:1),,,,,4,203095,Evan Fournier,1610612753.0,Orlando,Magic,ORL,0,0,,,,,,0,0,,,,,,1
0021400485,472,6,2,4,9:15 PM,1:04,,,Anderson S.FOUL (P4.PN),,,5,101187,Alan Anderson,1610612751.0,Brooklyn,Nets,BKN,4,203901,Elfrid Payton,1610612753.0,Orlando,Magic,ORL,1,0,,,,,,1
0021400485,473,3,11,4,9:15 PM,1:04,MISS Payton Free Throw 1 of 2,,,,,4,203901,Elfrid Payton,1610612753.0,Orlando,Magic,ORL,0,0,,,,,,0,0,,,,,,0
0021400485,474,4,1,4,9:15 PM,1:04,MAGIC Rebound,,,,,2,1610612753,,,,,,0,0,,,,,,0,0,,,,,,0
0021400485,475,8,0,4,9:15 PM,1:04,,,SUB: Plumlee FOR Anderson,,,5,101187,Alan Anderson,1610612751.0,Brooklyn,Nets,BKN,5,203486,Mason Plumlee,1610612751.0,Brooklyn,Nets,BKN,0,0,,,,,,0
0021400485,476,3,12,4,9:15 PM,1:04,Payton Free Throw 2 of 2 (13 PTS),,,98 - 95,-3,4,203901,Elfrid Payton,1610612753.0,Orlando,Magic,ORL,0,0,,,,,,0,0,,,,,,0
0021400485,478,2,80,4,9:16 PM,0:41,,,MISS Johnson 19' Step Back Jump Shot,,,5,2207,Joe Johnson,1610612751.0,Brooklyn,Nets,BKN,0,0,,,,,,0,0,,,,,,1
0021400485,479,4,0,4,9:16 PM,0:40,Payton REBOUND (Off:3 Def:5),,,,,4,203901,Elfrid Payton,1610612753.0,Orlando,Magic,ORL,0,0,,,,,,0,0,,,,,,1
0021400485,480,2,1,4,9:16 PM,0:31,MISS Gordon 19' Jump Shot,,,,,4,2732,Ben Gordon,1610612753.0,Orlando,Magic,ORL,0,0,,,,,,0,0,,,,,,1
0021400485,481,4,0,4,9:16 PM,0:31,,,Plumlee REBOUND (Off:2 Def:7),,,5,203486,Mason Plumlee,1610612751.0,Brooklyn,Nets,BKN,0,0,,,,,,0,0,,,,,,1
0021400485,496,10,0,4,9:16 PM,0:31,Jump Ball Frye vs. Plumlee: Tip to,,,,,4,101112,Channing Frye,1610612753.0,Orlando,Magic,ORL,5,203486,Mason Plumlee,1610612751.0,Brooklyn,Nets,BKN,2,1610612753,,,,,,0
0021400485,510,5,41,4,9:16 PM,0:31,Frye STEAL (2 STL),,Plumlee Poss Lost Ball Turnover (P5.T21),,,5,203486,Mason Plumlee,1610612751.0,Brooklyn,Nets,BKN,4,101112,Channing Frye,1610612753.0,Orlando,Magic,ORL,0,0,,,,,,0
0021400485,483,18,0,4,9:17 PM,0:29,,,,,,0,496,,,,,,0,0,,,,,,1,0,,,,,,0
0021400485,485,8,0,4,9:18 PM,0:29,,,SUB: Anderson FOR Plumlee,,,5,203486,Mason Plumlee,1610612751.0,Brooklyn,Nets,BKN,5,101187,Alan Anderson,1610612751.0,Brooklyn,Nets,BKN,0,0,,,,,,0
0021400485,486,2,1,4,9:19 PM,0:23,MISS Fournier 27' 3PT Jump Shot,,,,,4,203095,Evan Fournier,1610612753.0,Orlando,Magic,ORL,0,0,,,,,,0,0,,,,,,1
0021400485,487,4,0,4,9:19 PM,0:22,,,Nets Rebound,,,3,1610612751,,,,,,0,0,,,,,,0,0,,,,,,0
0021400485,488,18,0,4,9:19 PM,0:22,,,,,,0,487,,,,,,0,0,,,,,,1,0,,,,,,0
0021400485,489,8,0,4,9:21 PM,0:22,,,SUB: Lopez FOR Anderson,,,5,101187,Alan Anderson,1610612751.0,Brooklyn,Nets,BKN,5,201572,Brook Lopez,1610612751.0,Brooklyn,Nets,BKN,0,0,,,,,,0
0021400485,490,8,0,4,9:21 PM,0:22,SUB: Oladipo FOR Frye,,,,,4,101112,Channing Frye,1610612753.0,Orlando,Magic,ORL,4,203506,Victor Oladipo,1610612753.0,Orlando,Magic,ORL,0,0,,,,,,0
0021400485,492,9,1,4,9:21 PM,0:22,,,Nets Timeout: Regular (Reg.6 Short 1),,,3,1610612751,,,,,,0,0,,,,,,0,0,,,,,,0
0021400485,498,6,1,4,9:23 PM,0:22,Marble P.FOUL (P1.PN),,,,,4,203906,Devyn Marble,1610612753.0,Orlando,Magic,ORL,5,2207,Joe Johnson,1610612751.0,Brooklyn,Nets,BKN,1,0,,,,,,1
0021400485,499,3,11,4,9:23 PM,0:22,,,Johnson Free Throw 1 of 2 (13 PTS),99 - 95,-4,5,2207,Joe Johnson,1610612751.0,Brooklyn,Nets,BKN,0,0,,,,,,0,0,,,,,,1
0021400485,502,8,0,4,9:24 PM,0:22,,,SUB: Anderson FOR Lopez,,,5,201572,Brook Lopez,1610612751.0,Brooklyn,Nets,BKN,5,101187,Alan Anderson,1610612751.0,Brooklyn,Nets,BKN,0,0,,,,,,0
0021400485,504,8,0,4,9:24 PM,0:22,SUB: Frye FOR Fournier,,,,,4,203095,Evan Fournier,1610612753.0,Orlando,Magic,ORL,4,101112,Channing Frye,1610612753.0,Orlando,Magic,ORL,0,0,,,,,,0
0021400485,505,8,0,4,9:24 PM,0:22,SUB: Vucevic FOR Marble,,,,,4,203906,Devyn Marble,1610612753.0,Orlando,Magic,ORL,4,202696,Nikola Vučević,1610612753.0,Orlando,Magic,ORL,0,0,,,,,,0
0021400485,506,3,12,4,9:24 PM,0:22,,,Johnson Free Throw 2 of 2 (14 PTS),100 - 95,-5,5,2207,Joe Johnson,1610612751.0,Brooklyn,Nets,BKN,0,0,,,,,,0,0,,,,,,1
0021400485,508,9,2,4,9:24 PM,0:22,MAGIC Timeout: Short (Full 5 Short 2),,,,,2,1610612753,,,,,,0,0,,,,,,0,0,,,,,,0
0021400485,511,8,0,4,9:25 PM,0:22,SUB: Fournier FOR Oladipo,,,,,4,203506,Victor Oladipo,1610612753.0,Orlando,Magic,ORL,4,203095,Evan Fournier,1610612753.0,Orlando,Magic,ORL,0,0,,,,,,0
0021400485,514,10,0,4,9:26 PM,0:16,Jump Ball Fournier vs. Anderson: Tip to Jack,,,,,4,203095,Evan Fournier,1610612753.0,Orlando,Magic,ORL,5,101187,Alan Anderson,1610612751.0,Brooklyn,Nets,BKN,5,101127,Jarrett Jack,1610612751.0,Brooklyn,Nets,BKN,1
0021400485,515,5,2,4,9:26 PM,0:16,Fournier Lost Ball Turnover (P2.T11),,Anderson STEAL (1 STL),,,4,203095,Evan Fournier,1610612753.0,Orlando,Magic,ORL,5,101187,Alan Anderson,1610612751.0,Brooklyn,Nets,BKN,0,0,,,,,,0
0021400485,516,5,39,4,9:26 PM,0:13,,,Jack Step Out of Bounds Turnover (P6.T22),,,5,101127,Jarrett Jack,1610612751.0,Brooklyn,Nets,BKN,0,0,,,,,,0,0,,,,,,1
0021400485,517,2,1,4,9:26 PM,0:08,MISS Payton 19' Jump Shot,,,,,4,203901,Elfrid Payton,1610612753.0,Orlando,Magic,ORL,0,0,,,,,,0,0,,,,,,1
0021400485,518,4,0,4,9:26 PM,0:07,Payton REBOUND (Off:4 Def:5),,,,,4,203901,Elfrid Payton,1610612753.0,Orlando,Magic,ORL,0,0,,,,,,0,0,,,,,,1
0021400485,519,1,1,4,9:27 PM,0:03,Payton  3PT Jump Shot (16 PTS),,,100 - 98,-2,4,203901,Elfrid Payton,1610612753.0,Orlando,Magic,ORL,0,0,,,,,,0,0,,,,,,1
0021400485,520,13,0,4,9:27 PM,0:00,,,,100 - 98,-2,0,0,,,,,,0,0,,,,,,0,0,,,,,,0
