GAME_ID,EVENTNUM,EVENTMSGTYPE,EVENTMSGACTIONTYPE,PERIOD,WCTIMESTRING,PCTIMESTRING,HOMEDESCRIPTION,NEUTRALDESCRIPTION,VISITORDESCRIPTION,SCORE,SCOREMARGIN,PERSON1TYPE,PLAYER1_ID,PLAYER1_NAME,PLAYER1_TEAM_ID,PLAYER1_TEAM_CITY,PLAYER1_TEAM_NICKNAME,PLAYER1_TEAM_ABBREVIATION,PERSON2TYPE,PLAYER2_ID,PLAYER2_NAME,PLAYER2_TEAM_ID,PLAYER2_TEAM_CITY,PLAYER2_TEAM_NICKNAME,PLAYER2_TEAM_ABBREVIATION,PERSON3TYPE,PLAYER3_ID,PLAYER3_NAME,PLAYER3_TEAM_ID,PLAYER3_TEAM_CITY,PLAYER3_TEAM_NICKNAME,PLAYER3_TEAM_ABBREVIATION,VIDEO_AVAILABLE_FLAG
0021600596,0,12,0,1,8:11 PM,12:00,,,,,,0,0,,,,,,0,0,,,,,,0,0,,,,,,0
0021600596,1,10,0,1,8:11 PM,12:00,Jump Ball Towns vs. Adams: Tip to Roberson,,,,,4,1626157,Karl-Anthony Towns,1610612750.0,Minnesota,Timberwolves,MIN,5,203500,Steven Adams,1610612760.0,Oklahoma City,Thunder,OKC,5,203460,Andre Roberson,1610612760.0,Oklahoma City,Thunder,OKC,1
0021600596,2,2,1,1,8:11 PM,11:39,,,MISS Sabonis 25' 3PT Jump Shot,,,5,1627734,Domantas Sabonis,1610612760.0,Oklahoma City,Thunder,OKC,0,0,,,,,,0,0,,,,,,1
0021600596,3,4,0,1,8:11 PM,11:38,,,Oladipo REBOUND (Off:1 Def:0),,,5,203506,Victor Oladipo,1610612760.0,Oklahoma City,Thunder,OKC,0,0,,,,,,0,0,,,,,,1
0021600596,4,2,1,1,8:12 PM,11:30,,,MISS Adams 7' Jump Shot,,,5,203500,Steven Adams,1610612760.0,Oklahoma City,Thunder,OKC,0,0,,,,,,0,0,,,,,,1
0021600596,5,4,0,1,8:12 PM,11:29,Towns REBOUND (Off:0 Def:1),,,,,4,1626157,Karl-Anthony Towns,1610612750.0,Minnesota,Timberwolves,MIN,0,0,,,,,,0,0,,,,,,1
0021600596,6,1,3,1,8:12 PM,11:11,Towns 5' Hook Shot (2 PTS) (Dieng 1 AST),,,0 - 2,2,4,1626157,Karl-Anthony Towns,1610612750.0,Minnesota,Timberwolves,MIN,4,203476,Gorgui Dieng,1610612750.0,Minnesota,Timberwolves,MIN,0,0,,,,,,1
0021600596,7,6,4,1,8:12 PM,11:05,,,Adams OFF.Foul (P1) (D.Guthrie),,,5,203500,Steven Adams,1610612760.0,Oklahoma City,Thunder,OKC,4,1626157,Karl-Anthony Towns,1610612750.0,Minnesota,Timberwolves,MIN,1,0,,,,,,1
0021600596,8,5,5,1,8:12 PM,11:05,,,Adams Foul Turnover (P1.T1),,,5,203500,Steven Adams,1610612760.0,Oklahoma City,Thunder,OKC,0,0,,,,,,1,0,,,,,,1
0021600596,9,2,1,1,8:13 PM,10:47,MISS Wiggins 4' Jump Shot,,,,,4,203952,Andrew Wiggins,1610612750.0,Minnesota,Timberwolves,MIN,0,0,,,,,,0,0,,,,,,1
0021600596,10,4,0,1,8:13 PM,10:46,,,Sabonis REBOUND (Off:0 Def:1),,,5,1627734,Domantas Sabonis,1610612760.0,Oklahoma City,Thunder,OKC,0,0,,,,,,0,0,,,,,,1
0021600596,11,2,79,1,8:13 PM,10:40,,,MISS Oladipo 19' Pullup Jump Shot,,,5,203506,Victor Oladipo,1610612760.0,Oklahoma City,Thunder,OKC,0,0,,,,,,0,0,,,,,,1
0021600596,12,4,0,1,8:13 PM,10:38,Towns REBOUND (Off:0 Def:2),,,,,4,1626157,Karl-Anthony Towns,1610612750.0,Minnesota,Timberwolves,MIN,0,0,,,,,,0,0,,,,,,1
0021600596,13,2,5,1,8:13 PM,10:32,MISS Wiggins 1' Layup,,,,,4,203952,Andrew Wiggins,1610612750.0,Minnesota,Timberwolves,MIN,0,0,,,,,,0,0,,,,,,1
0021600596,14,4,0,1,8:13 PM,10:31,TIMBERWOLVES Rebound,,,,,2,1610612750,,,,,,0,0,,,,,,0,0,,,,,,0
0021600596,15,2,80,1,8:13 PM,10:17,MISS Dieng 7' Step Back Jump Shot,,,,,4,203476,Gorgui Dieng,1610612750.0,Minnesota,Timberwolves,MIN,0,0,,,,,,0,0,,,,,,1
0021600596,16,4,0,1,8:13 PM,10:16,,,Westbrook REBOUND (Off:0 Def:1),,,5,201566,Russell Westbrook,1610612760.0,Oklahoma City,Thunder,OKC,0,0,,,,,,0,0,,,,,,1
0021600596,17,1,71,1,8:13 PM,10:08,,,Sabonis 3' Finger Roll Layup (2 PTS) (Westbrook 1 AST),2 - 2,TIE,5,1627734,Domantas Sabonis,1610612760.0,Oklahoma City,Thunder,OKC,5,201566,Russell Westbrook,1610612760.0,Oklahoma City,Thunder,OKC,0,0,,,,,,1
0021600596,18,6,2,1,8:13 PM,10:08,Dieng S.FOUL (P1.T1) (E.Lewis),,,,,4,203476,Gorgui Dieng,1610612750.0,Minnesota,Timberwolves,MIN,5,1627734,Domantas Sabonis,1610612760.0,Oklahoma City,Thunder,OKC,1,0,,,,,,1
0021600596,19,3,10,1,8:14 PM,10:08,,,MISS Sabonis Free Throw 1 of 1,,,5,1627734,Domantas Sabonis,1610612760.0,Oklahoma City,Thunder,OKC,0,0,,,,,,0,0,,,,,,0
0021600596,21,4,0,1,8:14 PM,10:08,Towns REBOUND (Off:0 Def:3),,,,,4,1626157,Karl-Anthony Towns,1610612750.0,Minnesota,Timberwolves,MIN,0,0,,,,,,0,0,,,,,,1
0021600596,22,1,5,1,8:14 PM,9:54,Towns 1' Layup (4 PTS),,,2 - 4,2,4,1626157,Karl-Anthony Towns,1610612750.0,Minnesota,Timberwolves,MIN,0,0,,,,,,0,0,,,,,,1
0021600596,23,6,1,1,8:14 PM,9:48,Towns P.FOUL (P1.T2) (D.Guthrie),,,,,4,1626157,Karl-Anthony Towns,1610612750.0,Minnesota,Timberwolves,MIN,5,203500,Steven Adams,1610612760.0,Oklahoma City,Thunder,OKC,1,0,,,,,,1
0021600596,24,1,42,1,8:15 PM,9:36,,,Westbrook 3' Driving Layup (2 PTS),4 - 4,TIE,5,201566,Russell Westbrook,1610612760.0,Oklahoma City,Thunder,OKC,0,0,,,,,,0,0,,,,,,1
0021600596,25,1,47,1,8:15 PM,9:21,Wiggins 6' Turnaround Jump Shot (2 PTS) (Towns 1 AST),,,4 - 6,2,4,203952,Andrew Wiggins,1610612750.0,Minnesota,Timberwolves,MIN,4,1626157,Karl-Anthony Towns,1610612750.0,Minnesota,Timberwolves,MIN,0,0,,,,,,1
0021600596,26,6,2,1,8:15 PM,9:21,,,Westbrook S.FOUL (P1.T1) (E.Lewis),,,5,201566,Russell Westbrook,1610612760.0,Oklahoma City,Thunder,OKC,4,203952,Andrew Wiggins,1610612750.0,Minnesota,Timberwolves,MIN,1,0,,,,,,1
0021600596,28,3,10,1,8:15 PM,9:21,Wiggins Free Throw 1 of 1 (3 PTS),,,4 - 7,3,4,203952,Andrew Wiggins,1610612750.0,Minnesota,Timberwolves,MIN,0,0,,,,,,0,0,,,,,,0
0021600596,30,1,1,1,8:16 PM,9:10,,,Oladipo 19' Jump Shot (2 PTS),6 - 7,1,5,203506,Victor Oladipo,1610612760.0,Oklahoma City,Thunder,OKC,0,0,,,,,,0,0,,,,,,1
0021600596,31,1,1,1,8:16 PM,8:56,Rush  3PT Jump Shot (3 PTS) (Rubio 1 AST),,,6 - 10,4,4,201575,Brandon Rush,1610612750.0,Minnesota,Timberwolves,MIN,4,201937,Ricky Rubio,1610612750.0,Minnesota,Timberwolves,MIN,0,0,,,,,,1
0021600596,32,1,5,1,8:16 PM,8:43,,,Oladipo 1' Layup (4 PTS) (Westbrook 2 AST),8 - 10,2,5,203506,Victor Oladipo,1610612760.0,Oklahoma City,Thunder,OKC,5,201566,Russell Westbrook,1610612760.0,Oklahoma City,Thunder,OKC,0,0,,,,,,1
0021600596,33,1,46,1,8:16 PM,8:29,Towns 4' Running Jump Shot (6 PTS) (Rubio 2 AST),,,8 - 12,4,4,1626157,Karl-Anthony Towns,1610612750.0,Minnesota,Timberwolves,MIN,4,201937,Ricky Rubio,1610612750.0,Minnesota,Timberwolves,MIN,0,0,,,,,,1
0021600596,34,2,1,1,8:17 PM,8:17,Towns BLOCK (1 BLK),,MISS Sabonis 4' Jump Shot,,,5,1627734,Domantas Sabonis,1610612760.0,Oklahoma City,Thunder,OKC,0,0,,,,,,4,1626157,Karl-Anthony Towns,1610612750.0,Minnesota,Timberwolves,MIN,1
0021600596,35,4,0,1,8:17 PM,8:15,Towns REBOUND (Off:0 Def:4),,,,,4,1626157,Karl-Anthony Towns,1610612750.0,Minnesota,Timberwolves,MIN,0,0,,,,,,0,0,,,,,,1
0021600596,38,5,1,1,8:17 PM,8:08,Wiggins Bad Pass Turnover (P1.T1),,Adams STEAL (1 STL),,,4,203952,Andrew Wiggins,1610612750.0,Minnesota,Timberwolves,MIN,5,203500,Steven Adams,1610612760.0,Oklahoma City,Thunder,OKC,0,0,,,,,,1
0021600596,39,9,1,1,8:17 PM,8:03,,,Thunder Timeout: Regular (Reg.1 Short 0),,,3,1610612760,,,,,,0,0,,,,,,0,0,,,,,,0
0021600596,41,1,98,1,8:20 PM,7:56,,,Sabonis 1' Cutting Layup Shot (4 PTS) (Westbrook 3 AST),10 - 12,2,5,1627734,Domantas Sabonis,1610612760.0,Oklahoma City,Thunder,OKC,5,201566,Russell Westbrook,1610612760.0,Oklahoma City,Thunder,OKC,0,0,,,,,,1
0021600596,42,5,1,1,8:20 PM,7:41,Rush Bad Pass Turnover (P1.T2),,Roberson STEAL (1 STL),,,4,201575,Brandon Rush,1610612750.0,Minnesota,Timberwolves,MIN,5,203460,Andre Roberson,1610612760.0,Oklahoma City,Thunder,OKC,0,0,,,,,,1
0021600596,43,2,5,1,8:20 PM,7:35,,,MISS Oladipo 1' Layup,,,5,203506,Victor Oladipo,1610612760.0,Oklahoma City,Thunder,OKC,0,0,,,,,,0,0,,,,,,1
0021600596,44,4,0,1,8:20 PM,7:34,,,Westbrook REBOUND (Off:1 Def:1),,,5,201566,Russell Westbrook,1610612760.0,Oklahoma City,Thunder,OKC,0,0,,,,,,0,0,,,,,,1
0021600596,45,2,5,1,8:20 PM,7:31,,,MISS Roberson 1' Layup,,,5,203460,Andre Roberson,1610612760.0,Oklahoma City,Thunder,OKC,0,0,,,,,,0,0,,,,,,1
0021600596,46,4,0,1,8:20 PM,7:29,Towns REBOUND (Off:0 Def:5),,,,,4,1626157,Karl-Anthony Towns,1610612750.0,Minnesota,Timberwolves,MIN,0,0,,,,,,0,0,,,,,,1
0021600596,47,5,1,1,8:20 PM,7:16,Wiggins Bad Pass Turnover (P2.T3),,Roberson STEAL (2 STL),,,4,203952,Andrew Wiggins,1610612750.0,Minnesota,Timberwolves,MIN,5,203460,Andre Roberson,1610612760.0,Oklahoma City,Thunder,OKC,0,0,,,,,,1
0021600596,48,1,49,1,8:20 PM,7:12,,,Roberson  Driving Dunk (2 PTS) (Westbrook 4 AST),12 - 12,TIE,5,203460,Andre Roberson,1610612760.0,Oklahoma City,Thunder,OKC,5,201566,Russell Westbrook,1610612760.0,Oklahoma City,Thunder,OKC,0,0,,,,,,1
0021600596,49,5,45,1,8:21 PM,6:54,Towns Out of Bounds - Bad Pass Turnover Turnover (P1.T4),,,,,4,1626157,Karl-Anthony Towns,1610612750.0,Minnesota,Timberwolves,MIN,0,0,,,,,,0,0,,,,,,1
0021600596,50,1,5,1,8:21 PM,6:42,,,Adams 1' Layup (2 PTS) (Westbrook 5 AST),14 - 12,-2,5,203500,Steven Adams,1610612760.0,Oklahoma City,Thunder,OKC,5,201566,Russell Westbrook,1610612760.0,Oklahoma City,Thunder,OKC,0,0,,,,,,1
0021600596,51,2,47,1,8:21 PM,6:22,MISS Wiggins 4' Turnaround Jump Shot,,,,,4,203952,Andrew Wiggins,1610612750.0,Minnesota,Timberwolves,MIN,0,0,,,,,,0,0,,,,,,1
0021600596,52,4,0,1,8:21 PM,6:21,,,Westbrook REBOUND (Off:1 Def:2),,,5,201566,Russell Westbrook,1610612760.0,Oklahoma City,Thunder,OKC,0,0,,,,,,0,0,,,,,,1
0021600596,53,5,1,1,8:21 PM,6:18,Rubio STEAL (1 STL),,Westbrook Bad Pass Turnover (P1.T2),,,5,201566,Russell Westbrook,1610612760.0,Oklahoma City,Thunder,OKC,4,201937,Ricky Rubio,1610612750.0,Minnesota,Timberwolves,MIN,0,0,,,,,,1
0021600596,54,1,79,1,8:22 PM,6:10,Rubio 20' Pullup Jump Shot (2 PTS),,,14 - 14,TIE,4,201937,Ricky Rubio,1610612750.0,Minnesota,Timberwolves,MIN,0,0,,,,,,0,0,,,,,,1
0021600596,55,2,44,1,8:22 PM,5:51,,,MISS Sabonis 2' Reverse Layup,,,5,1627734,Domantas Sabonis,1610612760.0,Oklahoma City,Thunder,OKC,0,0,,,,,,0,0,,,,,,1
0021600596,56,4,0,1,8:22 PM,5:50,Dieng REBOUND (Off:0 Def:1),,,,,4,203476,Gorgui Dieng,1610612750.0,Minnesota,Timberwolves,MIN,0,0,,,,,,0,0,,,,,,1
0021600596,57,2,5,1,8:22 PM,5:43,MISS Rubio 1' Layup,,Roberson BLOCK (1 BLK),,,4,201937,Ricky Rubio,1610612750.0,Minnesota,Timberwolves,MIN,0,0,,,,,,5,203460,Andre Roberson,1610612760.0,Oklahoma City,Thunder,OKC,1
0021600596,58,4,0,1,8:22 PM,5:43,Wiggins REBOUND (Off:1 Def:0),,,,,4,203952,Andrew Wiggins,1610612750.0,Minnesota,Timberwolves,MIN,0,0,,,,,,0,0,,,,,,1
0021600596,59,1,5,1,8:22 PM,5:40,Wiggins 1' Layup (5 PTS),,,14 - 16,2,4,203952,Andrew Wiggins,1610612750.0,Minnesota,Timberwolves,MIN,0,0,,,,,,0,0,,,,,,1
0021600596,60,2,79,1,8:22 PM,5:25,,,MISS Westbrook 25' 3PT Pullup Jump Shot,,,5,201566,Russell Westbrook,1610612760.0,Oklahoma City,Thunder,OKC,0,0,,,,,,0,0,,,,,,1
0021600596,61,4,0,1,8:22 PM,5:23,Towns REBOUND (Off:0 Def:6),,,,,4,1626157,Karl-Anthony Towns,1610612750.0,Minnesota,Timberwolves,MIN,0,0,,,,,,0,0,,,,,,1
0021600596,62,1,42,1,8:23 PM,5:15,Rubio 1' Driving Layup (4 PTS),,,14 - 18,4,4,201937,Ricky Rubio,1610612750.0,Minnesota,Timberwolves,MIN,0,0,,,,,,0,0,,,,,,1
0021600596,63,6,27,1,8:23 PM,5:10,Rubio Personal Block Foul (P1.T3) (D.Guthrie),,,,,4,201937,Ricky Rubio,1610612750.0,Minnesota,Timberwolves,MIN,5,201566,Russell Westbrook,1610612760.0,Oklahoma City,Thunder,OKC,1,0,,,,,,1
0021600596,64,8,0,1,8:23 PM,5:10,,,SUB: Abrines FOR Oladipo,,,5,203506,Victor Oladipo,1610612760.0,Oklahoma City,Thunder,OKC,5,203518,Alex Abrines,1610612760.0,Oklahoma City,Thunder,OKC,0,0,,,,,,0
0021600596,65,8,0,1,8:23 PM,5:10,,,SUB: Kanter FOR Sabonis,,,5,1627734,Domantas Sabonis,1610612760.0,Oklahoma City,Thunder,OKC,5,202683,Enes Freedom,1610612760.0,Oklahoma City,Thunder,OKC,0,0,,,,,,0
0021600596,66,8,0,1,8:23 PM,5:10,SUB: Muhammad FOR Rush,,,,,4,201575,Brandon Rush,1610612750.0,Minnesota,Timberwolves,MIN,4,203498,Shabazz Muhammad,1610612750.0,Minnesota,Timberwolves,MIN,0,0,,,,,,0
0021600596,68,2,1,1,8:23 PM,5:02,,,MISS Westbrook 18' Jump Shot,,,5,201566,Russell Westbrook,1610612760.0,Oklahoma City,Thunder,OKC,0,0,,,,,,0,0,,,,,,1
0021600596,69,4,0,1,8:23 PM,5:00,Wiggins REBOUND (Off:1 Def:1),,,,,4,203952,Andrew Wiggins,1610612750.0,Minnesota,Timberwolves,MIN,0,0,,,,,,0,0,,,,,,1
0021600596,70,6,29,1,8:23 PM,4:50,,,Abrines Shooting Block Foul (P1.T2) (E.Lewis),,,5,203518,Alex Abrines,1610612760.0,Oklahoma City,Thunder,OKC,4,203476,Gorgui Dieng,1610612750.0,Minnesota,Timberwolves,MIN,1,0,,,,,,1
0021600596,71,3,11,1,8:24 PM,4:50,Dieng Free Throw 1 of 2 (1 PTS),,,14 - 19,5,4,203476,Gorgui Dieng,1610612750.0,Minnesota,Timberwolves,MIN,0,0,,,,,,0,0,,,,,,0
0021600596,73,3,12,1,8:24 PM,4:50,Dieng Free Throw 2 of 2 (2 PTS),,,14 - 20,6,4,203476,Gorgui Dieng,1610612750.0,Minnesota,Timberwolves,MIN,0,0,,,,,,0,0,,,,,,0
0021600596,75,2,78,1,8:25 PM,4:38,,,MISS Abrines 6' Floating Jump Shot,,,5,203518,Alex Abrines,1610612760.0,Oklahoma City,Thunder,OKC,0,0,,,,,,0,0,,,,,,1
0021600596,76,4,0,1,8:25 PM,4:37,,,Westbrook REBOUND (Off:2 Def:2),,,5,201566,Russell Westbrook,1610612760.0,Oklahoma City,Thunder,OKC,0,0,,,,,,0,0,,,,,,1
0021600596,77,1,5,1,8:25 PM,4:35,,,Westbrook 2' Layup (4 PTS),16 - 20,4,5,201566,Russell Westbrook,1610612760.0,Oklahoma City,Thunder,OKC,0,0,,,,,,0,0,,,,,,1
0021600596,78,1,1,1,8:25 PM,4:18,Towns 18' Jump Shot (8 PTS) (Rubio 3 AST),,,16 - 22,6,4,1626157,Karl-Anthony Towns,1610612750.0,Minnesota,Timberwolves,MIN,4,201937,Ricky Rubio,1610612750.0,Minnesota,Timberwolves,MIN,0,0,,,,,,1
0021600596,79,5,2,1,8:25 PM,4:06,Rubio STEAL (2 STL),,Abrines Lost Ball Turnover (P1.T3),,,5,203518,Alex Abrines,1610612760.0,Oklahoma City,Thunder,OKC,4,201937,Ricky Rubio,1610612750.0,Minnesota,Timberwolves,MIN,0,0,,,,,,1
0021600596,80,6,1,1,8:25 PM,4:05,,,Abrines P.FOUL (P2.T3) (S.Anderson),,,5,203518,Alex Abrines,1610612760.0,Oklahoma City,Thunder,OKC,4,203476,Gorgui Dieng,1610612750.0,Minnesota,Timberwolves,MIN,1,0,,,,,,1
0021600596,81,2,5,1,8:26 PM,3:53,MISS Dieng 2' Layup,,,,,4,203476,Gorgui Dieng,1610612750.0,Minnesota,Timberwolves,MIN,0,0,,,,,,0,0,,,,,,1
0021600596,82,4,0,1,8:26 PM,3:51,,,Kanter REBOUND (Off:0 Def:1),,,5,202683,Enes Freedom,1610612760.0,Oklahoma City,Thunder,OKC,0,0,,,,,,0,0,,,,,,1
0021600596,83,1,1,1,8:26 PM,3:34,,,Westbrook 26' 3PT Jump Shot (7 PTS) (Adams 1 AST),19 - 22,3,5,201566,Russell Westbrook,1610612760.0,Oklahoma City,Thunder,OKC,5,203500,Steven Adams,1610612760.0,Oklahoma City,Thunder,OKC,0,0,,,,,,1
0021600596,84,2,86,1,8:26 PM,3:14,MISS Wiggins 13' Turnaround Fadeaway Shot,,,,,4,203952,Andrew Wiggins,1610612750.0,Minnesota,Timberwolves,MIN,0,0,,,,,,0,0,,,,,,1
0021600596,85,4,0,1,8:26 PM,3:13,,,Kanter REBOUND (Off:0 Def:2),,,5,202683,Enes Freedom,1610612760.0,Oklahoma City,Thunder,OKC,0,0,,,,,,0,0,,,,,,1
0021600596,86,5,45,1,8:26 PM,3:10,,,Westbrook Out of Bounds - Bad Pass Turnover Turnover (P2.T4),,,5,201566,Russell Westbrook,1610612760.0,Oklahoma City,Thunder,OKC,0,0,,,,,,0,0,,,,,,1
0021600596,87,8,0,1,8:26 PM,3:10,,,SUB: Lauvergne FOR Adams,,,5,203500,Steven Adams,1610612760.0,Oklahoma City,Thunder,OKC,5,203530,Joffrey Lauvergne,1610612760.0,Oklahoma City,Thunder,OKC,0,0,,,,,,0
0021600596,88,1,108,1,8:27 PM,2:57,Towns  Cutting Dunk Shot (10 PTS) (Rubio 4 AST),,,19 - 24,5,4,1626157,Karl-Anthony Towns,1610612750.0,Minnesota,Timberwolves,MIN,4,201937,Ricky Rubio,1610612750.0,Minnesota,Timberwolves,MIN,0,0,,,,,,1
0021600596,89,6,2,1,8:27 PM,2:43,Dieng S.FOUL (P2.T4) (E.Lewis),,,,,4,203476,Gorgui Dieng,1610612750.0,Minnesota,Timberwolves,MIN,5,201566,Russell Westbrook,1610612760.0,Oklahoma City,Thunder,OKC,1,0,,,,,,1
0021600596,90,9,1,1,8:27 PM,2:43,TIMBERWOLVES Timeout: Regular (Full 1 Short 0),,,,,2,1610612750,,,,,,0,0,,,,,,0,0,,,,,,0
0021600596,92,8,0,1,8:29 PM,2:43,SUB: Aldrich FOR Dieng,,,,,4,203476,Gorgui Dieng,1610612750.0,Minnesota,Timberwolves,MIN,4,202332,Cole Aldrich,1610612750.0,Minnesota,Timberwolves,MIN,0,0,,,,,,0
0021600596,93,3,11,1,8:30 PM,2:43,,,Westbrook Free Throw 1 of 2 (8 PTS),20 - 24,4,5,201566,Russell Westbrook,1610612760.0,Oklahoma City,Thunder,OKC,0,0,,,,,,0,0,,,,,,0
0021600596,95,3,12,1,8:30 PM,2:43,,,Westbrook Free Throw 2 of 2 (9 PTS),21 - 24,3,5,201566,Russell Westbrook,1610612760.0,Oklahoma City,Thunder,OKC,0,0,,,,,,0,0,,,,,,0
0021600596,97,1,75,1,8:30 PM,2:32,Wiggins 2' Driving Finger Roll Layup (7 PTS),,,21 - 26,5,4,203952,Andrew Wiggins,1610612750.0,Minnesota,Timberwolves,MIN,0,0,,,,,,0,0,,,,,,1
0021600596,98,2,5,1,8:31 PM,2:10,Towns BLOCK (2 BLK),,MISS Lauvergne 1' Layup,,,5,203530,Joffrey Lauvergne,1610612760.0,Oklahoma City,Thunder,OKC,0,0,,,,,,4,1626157,Karl-Anthony Towns,1610612750.0,Minnesota,Timberwolves,MIN,1
0021600596,99,4,0,1,8:31 PM,2:09,,,Lauvergne REBOUND (Off:1 Def:0),,,5,203530,Joffrey Lauvergne,1610612760.0,Oklahoma City,Thunder,OKC,0,0,,,,,,0,0,,,,,,1
0021600596,100,2,63,1,8:31 PM,2:08,,,MISS Lauvergne 9' Fadeaway Jumper,,,5,203530,Joffrey Lauvergne,1610612760.0,Oklahoma City,Thunder,OKC,0,0,,,,,,0,0,,,,,,1
0021600596,101,4,0,1,8:31 PM,2:07,,,Thunder Rebound,,,3,1610612760,,,,,,0,0,,,,,,0,0,,,,,,0
0021600596,102,5,11,1,8:31 PM,2:07,,,Thunder Turnover: Shot Clock (T#5),,,3,1610612760,,,,,,0,0,,,,,,1,0,,,,,,0
0021600596,103,8,0,1,8:31 PM,2:07,,,SUB: Payne FOR Westbrook,,,5,201566,Russell Westbrook,1610612760.0,Oklahoma City,Thunder,OKC,5,1626166,Cameron Payne,1610612760.0,Oklahoma City,Thunder,OKC,0,0,,,,,,0
0021600596,104,6,2,1,8:31 PM,1:57,,,Kanter S.FOUL (P1.T4) (D.Guthrie),,,5,202683,Enes Freedom,1610612760.0,Oklahoma City,Thunder,OKC,4,1626157,Karl-Anthony Towns,1610612750.0,Minnesota,Timberwolves,MIN,1,0,,,,,,1
0021600596,105,3,11,1,8:32 PM,1:57,Towns Free Throw 1 of 2 (11 PTS),,,21 - 27,6,4,1626157,Karl-Anthony Towns,1610612750.0,Minnesota,Timberwolves,MIN,0,0,,,,,,0,0,,,,,,0
0021600596,107,8,0,1,8:32 PM,1:57,SUB: Dunn FOR Rubio,,,,,4,201937,Ricky Rubio,1610612750.0,Minnesota,Timberwolves,MIN,4,1627739,Kris Dunn,1610612750.0,Minnesota,Timberwolves,MIN,0,0,,,,,,0
0021600596,108,3,12,1,8:32 PM,1:57,Towns Free Throw 2 of 2 (12 PTS),,,21 - 28,7,4,1626157,Karl-Anthony Towns,1610612750.0,Minnesota,Timberwolves,MIN,0,0,,,,,,0,0,,,,,,0
0021600596,111,8,0,1,8:32 PM,1:42,SUB: Bjelica FOR Towns,,,,,4,1626157,Karl-Anthony Towns,1610612750.0,Minnesota,Timberwolves,MIN,4,202357,Nemanja Bjelica,1610612750.0,Minnesota,Timberwolves,MIN,0,0,,,,,,0
0021600596,112,2,78,1,8:33 PM,1:36,,,MISS Payne 8' Floating Jump Shot,,,5,1626166,Cameron Payne,1610612760.0,Oklahoma City,Thunder,OKC,0,0,,,,,,0,0,,,,,,1
0021600596,113,4,0,1,8:33 PM,1:34,Aldrich REBOUND (Off:0 Def:1),,,,,4,202332,Cole Aldrich,1610612750.0,Minnesota,Timberwolves,MIN,0,0,,,,,,0,0,,,,,,1
0021600596,114,1,1,1,8:33 PM,1:19,Muhammad 7' Jump Shot (2 PTS) (Bjelica 1 AST),,,21 - 30,9,4,203498,Shabazz Muhammad,1610612750.0,Minnesota,Timberwolves,MIN,4,202357,Nemanja Bjelica,1610612750.0,Minnesota,Timberwolves,MIN,0,0,,,,,,1
0021600596,115,1,73,1,8:33 PM,1:02,,,Kanter 2' Driving Reverse Layup (2 PTS),23 - 30,7,5,202683,Enes Freedom,1610612760.0,Oklahoma City,Thunder,OKC,0,0,,,,,,0,0,,,,,,1
0021600596,117,8,0,1,8:33 PM,0:57,,,SUB: Grant FOR Abrines,,,5,203518,Alex Abrines,1610612760.0,Oklahoma City,Thunder,OKC,5,203924,Jerami Grant,1610612760.0,Oklahoma City,Thunder,OKC,0,0,,,,,,0
0021600596,118,2,1,1,8:34 PM,0:55,MISS Wiggins 19' Jump Shot,,,,,4,203952,Andrew Wiggins,1610612750.0,Minnesota,Timberwolves,MIN,0,0,,,,,,0,0,,,,,,1
0021600596,119,4,0,1,8:34 PM,0:54,,,Lauvergne REBOUND (Off:1 Def:1),,,5,203530,Joffrey Lauvergne,1610612760.0,Oklahoma City,Thunder,OKC,0,0,,,,,,0,0,,,,,,1
0021600596,120,6,2,1,8:34 PM,0:39,Bjelica S.FOUL (P1.PN) (D.Guthrie),,,,,4,202357,Nemanja Bjelica,1610612750.0,Minnesota,Timberwolves,MIN,5,203460,Andre Roberson,1610612760.0,Oklahoma City,Thunder,OKC,1,0,,,,,,1
0021600596,121,3,11,1,8:34 PM,0:39,,,Roberson Free Throw 1 of 2 (3 PTS),24 - 30,6,5,203460,Andre Roberson,1610612760.0,Oklahoma City,Thunder,OKC,0,0,,,,,,0,0,,,,,,0
0021600596,123,3,12,1,8:35 PM,0:39,,,Roberson Free Throw 2 of 2 (4 PTS),25 - 30,5,5,203460,Andre Roberson,1610612760.0,Oklahoma City,Thunder,OKC,0,0,,,,,,0,0,,,,,,0
0021600596,125,2,46,1,8:35 PM,0:18,MISS Bjelica 5' Running Jump Shot,,,,,4,202357,Nemanja Bjelica,1610612750.0,Minnesota,Timberwolves,MIN,0,0,,,,,,0,0,,,,,,1
0021600596,126,4,0,1,8:35 PM,0:17,,,Grant REBOUND (Off:0 Def:1),,,5,203924,Jerami Grant,1610612760.0,Oklahoma City,Thunder,OKC,0,0,,,,,,0,0,,,,,,1
0021600596,127,1,1,1,8:35 PM,0:00,,,Kanter 24' 3PT Jump Shot (5 PTS) (Payne 1 AST),28 - 30,2,5,202683,Enes Freedom,1610612760.0,Oklahoma City,Thunder,OKC,5,1626166,Cameron Payne,1610612760.0,Oklahoma City,Thunder,OKC,0,0,,,,,,1
0021600596,128,13,0,1,8:36 PM,0:00,,,,28 - 30,2,0,0,,,,,,0,0,,,,,,0,0,,,,,,0
0021600596,130,12,0,2,8:38 PM,12:00,,,,28 - 30,2,0,0,,,,,,0,0,,,,,,0,0,,,,,,0
0021600596,131,2,45,2,8:38 PM,11:47,MISS Rush 25' 3PT Jump Shot,,,,,4,201575,Brandon Rush,1610612750.0,Minnesota,Timberwolves,MIN,0,0,,,,,,0,0,,,,,,1
0021600596,132,4,0,2,8:38 PM,11:46,Dunn REBOUND (Off:1 Def:0),,,,,4,1627739,Kris Dunn,1610612750.0,Minnesota,Timberwolves,MIN,0,0,,,,,,0,0,,,,,,1
0021600596,133,2,5,2,8:38 PM,11:42,MISS Muhammad 1' Layup,,,,,4,203498,Shabazz Muhammad,1610612750.0,Minnesota,Timberwolves,MIN,0,0,,,,,,0,0,,,,,,1
0021600596,134,4,0,2,8:39 PM,11:41,,,Lauvergne REBOUND (Off:1 Def:2),,,5,203530,Joffrey Lauvergne,1610612760.0,Oklahoma City,Thunder,OKC,0,0,,,,,,0,0,,,,,,1
0021600596,135,5,2,2,8:39 PM,11:23,Rush STEAL (1 STL),,Kanter Lost Ball Turnover (P1.T6),,,5,202683,Enes Freedom,1610612760.0,Oklahoma City,Thunder,OKC,4,201575,Brandon Rush,1610612750.0,Minnesota,Timberwolves,MIN,0,0,,,,,,1
0021600596,136,1,80,2,8:39 PM,11:10,Dunn 9' Step Back Jump Shot (2 PTS),,,28 - 32,4,4,1627739,Kris Dunn,1610612750.0,Minnesota,Timberwolves,MIN,0,0,,,,,,0,0,,,,,,1
0021600596,137,2,79,2,8:39 PM,10:50,,,MISS Payne 16' Pullup Jump Shot,,,5,1626166,Cameron Payne,1610612760.0,Oklahoma City,Thunder,OKC,0,0,,,,,,0,0,,,,,,1
0021600596,138,4,0,2,8:39 PM,10:49,Aldrich REBOUND (Off:0 Def:2),,,,,4,202332,Cole Aldrich,1610612750.0,Minnesota,Timberwolves,MIN,0,0,,,,,,0,0,,,,,,1
0021600596,139,1,1,2,8:40 PM,10:36,Bjelica 25' 3PT Jump Shot (3 PTS) (Aldrich 1 AST),,,28 - 35,7,4,202357,Nemanja Bjelica,1610612750.0,Minnesota,Timberwolves,MIN,4,202332,Cole Aldrich,1610612750.0,Minnesota,Timberwolves,MIN,0,0,,,,,,1
0021600596,140,6,1,2,8:40 PM,10:18,Dunn P.FOUL (P1.T1) (E.Lewis),,,,,4,1627739,Kris Dunn,1610612750.0,Minnesota,Timberwolves,MIN,5,202683,Enes Freedom,1610612760.0,Oklahoma City,Thunder,OKC,1,0,,,,,,1
0021600596,141,2,3,2,8:40 PM,10:05,,,MISS Lauvergne 4' Hook Shot,,,5,203530,Joffrey Lauvergne,1610612760.0,Oklahoma City,Thunder,OKC,0,0,,,,,,0,0,,,,,,1
0021600596,142,4,0,2,8:40 PM,10:03,Bjelica REBOUND (Off:0 Def:1),,,,,4,202357,Nemanja Bjelica,1610612750.0,Minnesota,Timberwolves,MIN,0,0,,,,,,0,0,,,,,,1
0021600596,143,2,47,2,8:41 PM,9:47,MISS Muhammad 8' Turnaround Jump Shot,,,,,4,203498,Shabazz Muhammad,1610612750.0,Minnesota,Timberwolves,MIN,0,0,,,,,,0,0,,,,,,1
0021600596,144,4,0,2,8:41 PM,9:46,,,Thunder Rebound,,,3,1610612760,,,,,,0,0,,,,,,0,0,,,,,,0
0021600596,146,1,5,2,8:42 PM,9:23,,,Kanter 2' Layup (7 PTS),30 - 35,5,5,202683,Enes Freedom,1610612760.0,Oklahoma City,Thunder,OKC,0,0,,,,,,0,0,,,,,,1
0021600596,147,5,4,2,8:42 PM,9:12,Dunn Traveling Turnover (P1.T5),,,,,4,1627739,Kris Dunn,1610612750.0,Minnesota,Timberwolves,MIN,0,0,,,,,,1,0,,,,,,1
0021600596,148,8,0,2,8:42 PM,9:12,,,SUB: Sabonis FOR Lauvergne,,,5,203530,Joffrey Lauvergne,1610612760.0,Oklahoma City,Thunder,OKC,5,1627734,Domantas Sabonis,1610612760.0,Oklahoma City,Thunder,OKC,0,0,,,,,,0
0021600596,149,1,82,2,8:42 PM,8:54,,,Payne 8' Driving Bank Shot (2 PTS),32 - 35,3,5,1626166,Cameron Payne,1610612760.0,Oklahoma City,Thunder,OKC,0,0,,,,,,0,0,,,,,,1
0021600596,151,7,2,2,8:43 PM,8:35,,,Sabonis Violation:Defensive Goaltending (D.Guthrie),,,5,1627734,Domantas Sabonis,1610612760.0,Oklahoma City,Thunder,OKC,0,0,,,,,,1,0,,,,,,1
0021600596,150,1,42,2,8:43 PM,8:35,Bjelica 1' Driving Layup (5 PTS),,,32 - 37,5,4,202357,Nemanja Bjelica,1610612750.0,Minnesota,Timberwolves,MIN,0,0,,,,,,0,0,,,,,,1
0021600596,152,2,3,2,8:43 PM,8:16,,,MISS Sabonis 4' Hook Shot,,,5,1627734,Domantas Sabonis,1610612760.0,Oklahoma City,Thunder,OKC,0,0,,,,,,0,0,,,,,,1
0021600596,153,4,0,2,8:43 PM,8:15,,,Kanter REBOUND (Off:1 Def:2),,,5,202683,Enes Freedom,1610612760.0,Oklahoma City,Thunder,OKC,0,0,,,,,,0,0,,,,,,1
0021600596,155,6,2,2,8:44 PM,8:15,Aldrich S.FOUL (P1.T2) (D.Guthrie),,,,,4,202332,Cole Aldrich,1610612750.0,Minnesota,Timberwolves,MIN,5,202683,Enes Freedom,1610612760.0,Oklahoma City,Thunder,OKC,1,0,,,,,,1
0021600596,156,9,1,2,8:44 PM,8:15,,,,,,1,0,,,,,,0,0,,,,,,0,0,,,,,,0
0021600596,158,8,0,2,8:45 PM,8:15,SUB: Dieng FOR Aldrich,,,,,4,202332,Cole Aldrich,1610612750.0,Minnesota,Timberwolves,MIN,4,203476,Gorgui Dieng,1610612750.0,Minnesota,Timberwolves,MIN,0,0,,,,,,0
0021600596,159,3,11,2,8:46 PM,8:15,,,Kanter Free Throw 1 of 2 (8 PTS),33 - 37,4,5,202683,Enes Freedom,1610612760.0,Oklahoma City,Thunder,OKC,0,0,,,,,,0,0,,,,,,0
0021600596,161,3,12,2,8:46 PM,8:15,,,MISS Kanter Free Throw 2 of 2,,,5,202683,Enes Freedom,1610612760.0,Oklahoma City,Thunder,OKC,0,0,,,,,,0,0,,,,,,0
0021600596,163,4,0,2,8:46 PM,8:15,Bjelica REBOUND (Off:0 Def:2),,,,,4,202357,Nemanja Bjelica,1610612750.0,Minnesota,Timberwolves,MIN,0,0,,,,,,0,0,,,,,,1
0021600596,165,1,85,2,8:46 PM,8:02,Dunn 7' Turnaround Bank Shot (4 PTS),,,33 - 39,6,4,1627739,Kris Dunn,1610612750.0,Minnesota,Timberwolves,MIN,0,0,,,,,,0,0,,,,,,1
0021600596,166,2,82,2,8:47 PM,7:41,,,MISS Singler 7' Driving Bank Shot,,,5,202713,Kyle Singler,1610612760.0,Oklahoma City,Thunder,OKC,0,0,,,,,,0,0,,,,,,1
0021600596,167,4,0,2,8:47 PM,7:40,,,Kanter REBOUND (Off:2 Def:2),,,5,202683,Enes Freedom,1610612760.0,Oklahoma City,Thunder,OKC,0,0,,,,,,0,0,,,,,,1
0021600596,168,1,72,2,8:47 PM,7:39,,,Kanter 1' Putback Layup (10 PTS),35 - 39,4,5,202683,Enes Freedom,1610612760.0,Oklahoma City,Thunder,OKC,0,0,,,,,,0,0,,,,,,1
0021600596,169,2,58,2,8:47 PM,7:20,MISS Dieng 5' Turnaround Hook Shot,,,,,4,203476,Gorgui Dieng,1610612750.0,Minnesota,Timberwolves,MIN,0,0,,,,,,0,0,,,,,,1
0021600596,170,4,0,2,8:47 PM,7:19,,,Payne REBOUND (Off:0 Def:1),,,5,1626166,Cameron Payne,1610612760.0,Oklahoma City,Thunder,OKC,0,0,,,,,,0,0,,,,,,1
0021600596,171,1,98,2,8:47 PM,7:05,,,Payne 1' Cutting Layup Shot (4 PTS) (Kanter 1 AST),37 - 39,2,5,1626166,Cameron Payne,1610612760.0,Oklahoma City,Thunder,OKC,5,202683,Enes Freedom,1610612760.0,Oklahoma City,Thunder,OKC,0,0,,,,,,1
0021600596,172,2,1,2,8:48 PM,6:45,MISS Dieng 20' Jump Shot,,,,,4,203476,Gorgui Dieng,1610612750.0,Minnesota,Timberwolves,MIN,0,0,,,,,,0,0,,,,,,1
0021600596,173,4,0,2,8:48 PM,6:43,,,Grant REBOUND (Off:0 Def:2),,,5,203924,Jerami Grant,1610612760.0,Oklahoma City,Thunder,OKC,0,0,,,,,,0,0,,,,,,1
0021600596,174,2,1,2,8:48 PM,6:29,,,MISS Sabonis 25' 3PT Jump Shot,,,5,1627734,Domantas Sabonis,1610612760.0,Oklahoma City,Thunder,OKC,0,0,,,,,,0,0,,,,,,1
0021600596,175,4,0,2,8:48 PM,6:27,,,Sabonis REBOUND (Off:1 Def:1),,,5,1627734,Domantas Sabonis,1610612760.0,Oklahoma City,Thunder,OKC,0,0,,,,,,0,0,,,,,,1
0021600596,176,2,1,2,8:48 PM,6:24,Rush BLOCK (1 BLK),,MISS Sabonis 4' Jump Shot,,,5,1627734,Domantas Sabonis,1610612760.0,Oklahoma City,Thunder,OKC,0,0,,,,,,4,201575,Brandon Rush,1610612750.0,Minnesota,Timberwolves,MIN,1
0021600596,177,4,0,2,8:48 PM,6:22,Dunn REBOUND (Off:1 Def:1),,,,,4,1627739,Kris Dunn,1610612750.0,Minnesota,Timberwolves,MIN,0,0,,,,,,0,0,,,,,,1
0021600596,178,2,80,2,8:48 PM,5:59,MISS Dunn 19' Step Back Jump Shot,,,,,4,1627739,Kris Dunn,1610612750.0,Minnesota,Timberwolves,MIN,0,0,,,,,,0,0,,,,,,1
0021600596,179,4,0,2,8:48 PM,5:58,,,Payne REBOUND (Off:0 Def:2),,,5,1626166,Cameron Payne,1610612760.0,Oklahoma City,Thunder,OKC,0,0,,,,,,0,0,,,,,,1
0021600596,180,9,2,2,8:49 PM,5:52,,,Thunder Timeout: Short (Reg.1 Short 1),,,3,1610612760,,,,,,0,0,,,,,,0,0,,,,,,0
0021600596,182,9,1,2,8:49 PM,5:52,TIMBERWOLVES Timeout: Regular (Full 2 Short 0),,,,,2,1610612750,,,,,,0,0,,,,,,0,0,,,,,,0
0021600596,183,8,0,2,8:50 PM,5:52,,,SUB: Westbrook FOR Payne,,,5,1626166,Cameron Payne,1610612760.0,Oklahoma City,Thunder,OKC,5,201566,Russell Westbrook,1610612760.0,Oklahoma City,Thunder,OKC,0,0,,,,,,0
0021600596,184,8,0,2,8:50 PM,5:52,,,SUB: Oladipo FOR Singler,,,5,202713,Kyle Singler,1610612760.0,Oklahoma City,Thunder,OKC,5,203506,Victor Oladipo,1610612760.0,Oklahoma City,Thunder,OKC,0,0,,,,,,0
0021600596,185,8,0,2,8:50 PM,5:52,,,SUB: Adams FOR Kanter,,,5,202683,Enes Freedom,1610612760.0,Oklahoma City,Thunder,OKC,5,203500,Steven Adams,1610612760.0,Oklahoma City,Thunder,OKC,0,0,,,,,,0
0021600596,186,8,0,2,8:51 PM,5:52,SUB: Rubio FOR Dunn,,,,,4,1627739,Kris Dunn,1610612750.0,Minnesota,Timberwolves,MIN,4,201937,Ricky Rubio,1610612750.0,Minnesota,Timberwolves,MIN,0,0,,,,,,0
0021600596,187,8,0,2,8:51 PM,5:52,SUB: Wiggins FOR Muhammad,,,,,4,203498,Shabazz Muhammad,1610612750.0,Minnesota,Timberwolves,MIN,4,203952,Andrew Wiggins,1610612750.0,Minnesota,Timberwolves,MIN,0,0,,,,,,0
0021600596,188,8,0,2,8:51 PM,5:52,SUB: Towns FOR Bjelica,,,,,4,202357,Nemanja Bjelica,1610612750.0,Minnesota,Timberwolves,MIN,4,1626157,Karl-Anthony Towns,1610612750.0,Minnesota,Timberwolves,MIN,0,0,,,,,,0
0021600596,189,1,79,2,8:52 PM,5:45,,,Westbrook 15' Pullup Jump Shot (11 PTS),39 - 39,TIE,5,201566,Russell Westbrook,1610612760.0,Oklahoma City,Thunder,OKC,0,0,,,,,,0,0,,,,,,1
0021600596,190,2,1,2,8:52 PM,5:25,MISS Rubio 24' 3PT Jump Shot,,,,,4,201937,Ricky Rubio,1610612750.0,Minnesota,Timberwolves,MIN,0,0,,,,,,0,0,,,,,,1
0021600596,191,4,0,2,8:52 PM,5:24,,,Sabonis REBOUND (Off:1 Def:2),,,5,1627734,Domantas Sabonis,1610612760.0,Oklahoma City,Thunder,OKC,0,0,,,,,,0,0,,,,,,1
0021600596,192,2,1,2,8:52 PM,5:11,,,MISS Sabonis 25' 3PT Jump Shot,,,5,1627734,Domantas Sabonis,1610612760.0,Oklahoma City,Thunder,OKC,0,0,,,,,,0,0,,,,,,1
0021600596,193,4,0,2,8:52 PM,5:09,Wiggins REBOUND (Off:1 Def:2),,,,,4,203952,Andrew Wiggins,1610612750.0,Minnesota,Timberwolves,MIN,0,0,,,,,,0,0,,,,,,1
0021600596,194,6,1,2,8:52 PM,5:05,,,Sabonis P.FOUL (P1.T1) (E.Lewis),,,5,1627734,Domantas Sabonis,1610612760.0,Oklahoma City,Thunder,OKC,4,203476,Gorgui Dieng,1610612750.0,Minnesota,Timberwolves,MIN,1,0,,,,,,1
0021600596,195,6,4,2,8:53 PM,5:01,Rush OFF.Foul (P1) (S.Anderson),,,,,4,201575,Brandon Rush,1610612750.0,Minnesota,Timberwolves,MIN,5,203500,Steven Adams,1610612760.0,Oklahoma City,Thunder,OKC,1,0,,,,,,1
0021600596,196,5,5,2,8:53 PM,5:01,Rush Foul Turnover (P2.T6),,,,,4,201575,Brandon Rush,1610612750.0,Minnesota,Timberwolves,MIN,0,0,,,,,,1,0,,,,,,1
0021600596,197,1,79,2,8:53 PM,4:50,,,Westbrook 18' Pullup Jump Shot (13 PTS),41 - 39,-2,5,201566,Russell Westbrook,1610612760.0,Oklahoma City,Thunder,OKC,0,0,,,,,,0,0,,,,,,1
0021600596,198,2,1,2,8:54 PM,4:25,MISS Dieng 18' Jump Shot,,,,,4,203476,Gorgui Dieng,1610612750.0,Minnesota,Timberwolves,MIN,0,0,,,,,,0,0,,,,,,1
0021600596,199,4,0,2,8:54 PM,4:24,,,Sabonis REBOUND (Off:1 Def:3),,,5,1627734,Domantas Sabonis,1610612760.0,Oklahoma City,Thunder,OKC,0,0,,,,,,0,0,,,,,,1
0021600596,200,2,1,2,8:54 PM,4:16,,,MISS Oladipo  3PT Jump Shot,,,5,203506,Victor Oladipo,1610612760.0,Oklahoma City,Thunder,OKC,0,0,,,,,,0,0,,,,,,1
0021600596,201,4,0,2,8:54 PM,4:15,,,Thunder Rebound,,,3,1610612760,,,,,,0,0,,,,,,0,0,,,,,,0
0021600596,202,6,3,2,8:54 PM,4:15,Dieng L.B.FOUL (P3.T3) (S.Anderson),,,,,4,203476,Gorgui Dieng,1610612750.0,Minnesota,Timberwolves,MIN,5,203500,Steven Adams,1610612760.0,Oklahoma City,Thunder,OKC,1,0,,,,,,1
0021600596,203,8,0,2,8:54 PM,4:15,SUB: Bjelica FOR Dieng,,,,,4,203476,Gorgui Dieng,1610612750.0,Minnesota,Timberwolves,MIN,4,202357,Nemanja Bjelica,1610612750.0,Minnesota,Timberwolves,MIN,0,0,,,,,,0
0021600596,204,2,1,2,8:54 PM,4:02,,,MISS Westbrook 20' Jump Shot,,,5,201566,Russell Westbrook,1610612760.0,Oklahoma City,Thunder,OKC,0,0,,,,,,0,0,,,,,,1
0021600596,206,4,0,2,8:54 PM,4:01,,,Adams REBOUND (Off:1 Def:0),,,5,203500,Steven Adams,1610612760.0,Oklahoma City,Thunder,OKC,0,0,,,,,,0,0,,,,,,1
0021600596,205,2,97,2,8:54 PM,4:00,,,MISS Adams 1' Tip Layup Shot,,,5,203500,Steven Adams,1610612760.0,Oklahoma City,Thunder,OKC,0,0,,,,,,0,0,,,,,,1
0021600596,207,4,0,2,8:55 PM,4:00,TIMBERWOLVES Rebound,,,,,2,1610612750,,,,,,0,0,,,,,,0,0,,,,,,0
0021600596,208,6,3,2,8:55 PM,4:00,,,Adams L.B.FOUL (P2.T2) (D.Guthrie),,,5,203500,Steven Adams,1610612760.0,Oklahoma City,Thunder,OKC,4,1626157,Karl-Anthony Towns,1610612750.0,Minnesota,Timberwolves,MIN,1,0,,,,,,1
0021600596,209,1,42,2,8:55 PM,3:48,Rubio 2' Driving Layup (6 PTS),,,41 - 41,TIE,4,201937,Ricky Rubio,1610612750.0,Minnesota,Timberwolves,MIN,0,0,,,,,,0,0,,,,,,1
0021600596,210,2,79,2,8:55 PM,3:39,,,MISS Oladipo 22' Pullup Jump Shot,,,5,203506,Victor Oladipo,1610612760.0,Oklahoma City,Thunder,OKC,0,0,,,,,,0,0,,,,,,1
0021600596,211,4,0,2,8:55 PM,3:38,Wiggins REBOUND (Off:1 Def:3),,,,,4,203952,Andrew Wiggins,1610612750.0,Minnesota,Timberwolves,MIN,0,0,,,,,,0,0,,,,,,1
0021600596,212,2,1,2,8:55 PM,3:26,MISS Rubio 21' Jump Shot,,,,,4,201937,Ricky Rubio,1610612750.0,Minnesota,Timberwolves,MIN,0,0,,,,,,0,0,,,,,,1
0021600596,213,4,0,2,8:55 PM,3:25,,,Thunder Rebound,,,3,1610612760,,,,,,0,0,,,,,,0,0,,,,,,0
0021600596,214,6,3,2,8:55 PM,3:25,Bjelica L.B.FOUL (P2.T4) (D.Guthrie),,,,,4,202357,Nemanja Bjelica,1610612750.0,Minnesota,Timberwolves,MIN,5,201566,Russell Westbrook,1610612760.0,Oklahoma City,Thunder,OKC,1,0,,,,,,1
0021600596,215,5,2,2,8:56 PM,3:16,Wiggins STEAL (1 STL),,Westbrook Lost Ball Turnover (P3.T7),,,5,201566,Russell Westbrook,1610612760.0,Oklahoma City,Thunder,OKC,4,203952,Andrew Wiggins,1610612750.0,Minnesota,Timberwolves,MIN,0,0,,,,,,1
0021600596,216,2,47,2,8:56 PM,3:03,MISS Rush 5' Turnaround Jump Shot,,,,,4,201575,Brandon Rush,1610612750.0,Minnesota,Timberwolves,MIN,0,0,,,,,,0,0,,,,,,1
0021600596,217,4,0,2,8:56 PM,3:02,,,Westbrook REBOUND (Off:2 Def:3),,,5,201566,Russell Westbrook,1610612760.0,Oklahoma City,Thunder,OKC,0,0,,,,,,0,0,,,,,,1
0021600596,219,2,5,2,8:56 PM,2:59,Rush BLOCK (2 BLK),,MISS Sabonis 1' Layup,,,5,1627734,Domantas Sabonis,1610612760.0,Oklahoma City,Thunder,OKC,0,0,,,,,,4,201575,Brandon Rush,1610612750.0,Minnesota,Timberwolves,MIN,1
0021600596,220,4,0,2,8:56 PM,2:58,Towns REBOUND (Off:0 Def:7),,,,,4,1626157,Karl-Anthony Towns,1610612750.0,Minnesota,Timberwolves,MIN,0,0,,,,,,0,0,,,,,,1
0021600596,221,6,1,2,8:56 PM,2:57,,,Sabonis P.FOUL (P2.T3) (E.Lewis),,,5,1627734,Domantas Sabonis,1610612760.0,Oklahoma City,Thunder,OKC,4,1626157,Karl-Anthony Towns,1610612750.0,Minnesota,Timberwolves,MIN,1,0,,,,,,1
0021600596,222,9,1,2,8:56 PM,2:57,,,Thunder Timeout: Regular (Reg.2 Short 1),,,3,1610612760,,,,,,0,0,,,,,,0,0,,,,,,0
0021600596,224,8,0,2,8:58 PM,2:57,,,SUB: Kanter FOR Sabonis,,,5,1627734,Domantas Sabonis,1610612760.0,Oklahoma City,Thunder,OKC,5,202683,Enes Freedom,1610612760.0,Oklahoma City,Thunder,OKC,0,0,,,,,,0
0021600596,225,8,0,2,8:58 PM,2:57,,,SUB: Roberson FOR Grant,,,5,203924,Jerami Grant,1610612760.0,Oklahoma City,Thunder,OKC,5,203460,Andre Roberson,1610612760.0,Oklahoma City,Thunder,OKC,0,0,,,,,,0
0021600596,226,2,1,2,8:59 PM,2:43,MISS Rush  3PT Jump Shot,,,,,4,201575,Brandon Rush,1610612750.0,Minnesota,Timberwolves,MIN,0,0,,,,,,0,0,,,,,,1
0021600596,227,4,0,2,8:59 PM,2:42,,,Westbrook REBOUND (Off:2 Def:4),,,5,201566,Russell Westbrook,1610612760.0,Oklahoma City,Thunder,OKC,0,0,,,,,,0,0,,,,,,1
0021600596,228,6,2,2,8:59 PM,2:38,Bjelica S.FOUL (P3.PN) (E.Lewis),,,,,4,202357,Nemanja Bjelica,1610612750.0,Minnesota,Timberwolves,MIN,5,201566,Russell Westbrook,1610612760.0,Oklahoma City,Thunder,OKC,1,0,,,,,,1
0021600596,229,3,11,2,8:59 PM,2:38,,,Westbrook Free Throw 1 of 2 (14 PTS),42 - 41,-1,5,201566,Russell Westbrook,1610612760.0,Oklahoma City,Thunder,OKC,0,0,,,,,,0,0,,,,,,0
0021600596,231,8,0,2,8:59 PM,2:38,SUB: Aldrich FOR Bjelica,,,,,4,202357,Nemanja Bjelica,1610612750.0,Minnesota,Timberwolves,MIN,4,202332,Cole Aldrich,1610612750.0,Minnesota,Timberwolves,MIN,0,0,,,,,,0
0021600596,232,3,12,2,8:59 PM,2:38,,,MISS Westbrook Free Throw 2 of 2,,,5,201566,Russell Westbrook,1610612760.0,Oklahoma City,Thunder,OKC,0,0,,,,,,0,0,,,,,,0
0021600596,234,4,0,2,9:00 PM,2:38,Towns REBOUND (Off:0 Def:8),,,,,4,1626157,Karl-Anthony Towns,1610612750.0,Minnesota,Timberwolves,MIN,0,0,,,,,,0,0,,,,,,1
0021600596,235,2,1,2,9:00 PM,2:28,MISS Towns 24' 3PT Jump Shot,,,,,4,1626157,Karl-Anthony Towns,1610612750.0,Minnesota,Timberwolves,MIN,0,0,,,,,,0,0,,,,,,1
0021600596,236,4,0,2,9:00 PM,2:26,Rush REBOUND (Off:1 Def:0),,,,,4,201575,Brandon Rush,1610612750.0,Minnesota,Timberwolves,MIN,0,0,,,,,,0,0,,,,,,1
0021600596,237,2,1,2,9:00 PM,2:23,MISS Wiggins 24' 3PT Jump Shot,,,,,4,203952,Andrew Wiggins,1610612750.0,Minnesota,Timberwolves,MIN,0,0,,,,,,0,0,,,,,,1
0021600596,238,4,0,2,9:00 PM,2:22,,,Oladipo REBOUND (Off:1 Def:1),,,5,203506,Victor Oladipo,1610612760.0,Oklahoma City,Thunder,OKC,0,0,,,,,,0,0,,,,,,1
0021600596,239,1,5,2,9:00 PM,2:10,,,Oladipo 2' Layup (6 PTS) (Kanter 2 AST),44 - 41,-3,5,203506,Victor Oladipo,1610612760.0,Oklahoma City,Thunder,OKC,5,202683,Enes Freedom,1610612760.0,Oklahoma City,Thunder,OKC,0,0,,,,,,1
0021600596,240,5,1,2,9:00 PM,2:03,Rubio Bad Pass Turnover (P1.T7),,Roberson STEAL (3 STL),,,4,201937,Ricky Rubio,1610612750.0,Minnesota,Timberwolves,MIN,5,203460,Andre Roberson,1610612760.0,Oklahoma City,Thunder,OKC,0,0,,,,,,1
0021600596,241,2,44,2,9:00 PM,1:57,,,MISS Kanter 1' Reverse Layup,,,5,202683,Enes Freedom,1610612760.0,Oklahoma City,Thunder,OKC,0,0,,,,,,0,0,,,,,,1
0021600596,242,4,0,2,9:00 PM,1:55,Wiggins REBOUND (Off:1 Def:4),,,,,4,203952,Andrew Wiggins,1610612750.0,Minnesota,Timberwolves,MIN,0,0,,,,,,0,0,,,,,,1
0021600596,243,1,79,2,9:00 PM,1:49,Rubio 19' Pullup Jump Shot (8 PTS) (Wiggins 1 AST),,,44 - 43,-1,4,201937,Ricky Rubio,1610612750.0,Minnesota,Timberwolves,MIN,4,203952,Andrew Wiggins,1610612750.0,Minnesota,Timberwolves,MIN,0,0,,,,,,1
0021600596,244,5,2,2,9:01 PM,1:30,Aldrich STEAL (1 STL),,Adams Lost Ball Turnover (P2.T8),,,5,203500,Steven Adams,1610612760.0,Oklahoma City,Thunder,OKC,4,202332,Cole Aldrich,1610612750.0,Minnesota,Timberwolves,MIN,0,0,,,,,,1
0021600596,245,6,3,2,9:01 PM,1:29,,,Adams L.B.FOUL (P3.T4) (E.Lewis),,,5,203500,Steven Adams,1610612760.0,Oklahoma City,Thunder,OKC,4,201575,Brandon Rush,1610612750.0,Minnesota,Timberwolves,MIN,1,0,,,,,,1
0021600596,246,8,0,2,9:01 PM,1:29,,,SUB: Sabonis FOR Adams,,,5,203500,Steven Adams,1610612760.0,Oklahoma City,Thunder,OKC,5,1627734,Domantas Sabonis,1610612760.0,Oklahoma City,Thunder,OKC,0,0,,,,,,0
0021600596,247,5,1,2,9:02 PM,1:19,Rubio Bad Pass Turnover (P2.T8),,Westbrook STEAL (1 STL),,,4,201937,Ricky Rubio,1610612750.0,Minnesota,Timberwolves,MIN,5,201566,Russell Westbrook,1610612760.0,Oklahoma City,Thunder,OKC,0,0,,,,,,1
0021600596,248,1,44,2,9:02 PM,1:13,,,Oladipo 1' Reverse Layup (8 PTS) (Westbrook 6 AST),46 - 43,-3,5,203506,Victor Oladipo,1610612760.0,Oklahoma City,Thunder,OKC,5,201566,Russell Westbrook,1610612760.0,Oklahoma City,Thunder,OKC,0,0,,,,,,1
0021600596,249,2,75,2,9:02 PM,0:55,MISS Towns 2' Driving Finger Roll Layup,,,,,4,1626157,Karl-Anthony Towns,1610612750.0,Minnesota,Timberwolves,MIN,0,0,,,,,,0,0,,,,,,1
0021600596,250,4,0,2,9:02 PM,0:53,,,Oladipo REBOUND (Off:1 Def:2),,,5,203506,Victor Oladipo,1610612760.0,Oklahoma City,Thunder,OKC,0,0,,,,,,0,0,,,,,,1
0021600596,251,1,108,2,9:02 PM,0:50,,,Roberson  Cutting Dunk Shot (6 PTS) (Westbrook 7 AST),48 - 43,-5,5,203460,Andre Roberson,1610612760.0,Oklahoma City,Thunder,OKC,5,201566,Russell Westbrook,1610612760.0,Oklahoma City,Thunder,OKC,0,0,,,,,,1
0021600596,252,2,42,2,9:02 PM,0:37,MISS Wiggins 2' Driving Layup,,Roberson BLOCK (2 BLK),,,4,203952,Andrew Wiggins,1610612750.0,Minnesota,Timberwolves,MIN,0,0,,,,,,5,203460,Andre Roberson,1610612760.0,Oklahoma City,Thunder,OKC,1
0021600596,253,4,0,2,9:02 PM,0:36,,,Thunder Rebound,,,3,1610612760,,,,,,0,0,,,,,,0,0,,,,,,0
0021600596,254,2,79,2,9:03 PM,0:33,,,MISS Westbrook 24' 3PT Pullup Jump Shot,,,5,201566,Russell Westbrook,1610612760.0,Oklahoma City,Thunder,OKC,0,0,,,,,,0,0,,,,,,1
0021600596,255,4,0,2,9:03 PM,0:32,Towns REBOUND (Off:0 Def:9),,,,,4,1626157,Karl-Anthony Towns,1610612750.0,Minnesota,Timberwolves,MIN,0,0,,,,,,0,0,,,,,,1
0021600596,257,1,79,2,9:03 PM,0:13,Wiggins 19' Pullup Jump Shot (9 PTS),,,48 - 45,-3,4,203952,Andrew Wiggins,1610612750.0,Minnesota,Timberwolves,MIN,0,0,,,,,,0,0,,,,,,1
0021600596,258,6,6,2,9:03 PM,0:13,,,Westbrook AWAY.FROM.PLAY.FOUL (P2.PN) (E.Lewis),,,5,201566,Russell Westbrook,1610612760.0,Oklahoma City,Thunder,OKC,4,202332,Cole Aldrich,1610612750.0,Minnesota,Timberwolves,MIN,1,0,,,,,,1
0021600596,259,3,10,2,9:03 PM,0:13,MISS Aldrich Free Throw 1 of 1,,,,,4,202332,Cole Aldrich,1610612750.0,Minnesota,Timberwolves,MIN,0,0,,,,,,0,0,,,,,,0
0021600596,261,4,0,2,9:04 PM,0:11,,,Westbrook REBOUND (Off:2 Def:5),,,5,201566,Russell Westbrook,1610612760.0,Oklahoma City,Thunder,OKC,0,0,,,,,,0,0,,,,,,1
0021600596,262,1,42,2,9:04 PM,0:05,,,Westbrook 1' Driving Layup (16 PTS),50 - 45,-5,5,201566,Russell Westbrook,1610612760.0,Oklahoma City,Thunder,OKC,0,0,,,,,,0,0,,,,,,1
0021600596,264,2,42,2,9:04 PM,0:00,MISS Wiggins 1' Driving Layup,,,,,4,203952,Andrew Wiggins,1610612750.0,Minnesota,Timberwolves,MIN,0,0,,,,,,0,0,,,,,,1
0021600596,265,4,0,2,9:04 PM,0:00,TIMBERWOLVES Rebound,,,,,2,1610612750,,,,,,0,0,,,,,,0,0,,,,,,0
0021600596,267,13,0,2,9:04 PM,0:00,,,,50 - 45,-5,0,0,,,,,,0,0,,,,,,0,0,,,,,,0
0021600596,269,12,0,3,9:19 PM,12:00,,,,50 - 45,-5,0,0,,,,,,0,0,,,,,,0,0,,,,,,0
0021600596,270,2,1,3,9:20 PM,11:43,MISS Rubio 24' 3PT Jump Shot,,,,,4,201937,Ricky Rubio,1610612750.0,Minnesota,Timberwolves,MIN,0,0,,,,,,0,0,,,,,,1
0021600596,271,4,0,3,9:20 PM,11:42,,,Sabonis REBOUND (Off:1 Def:4),,,5,1627734,Domantas Sabonis,1610612760.0,Oklahoma City,Thunder,OKC,0,0,,,,,,0,0,,,,,,1
0021600596,272,2,5,3,9:20 PM,11:28,,,MISS Oladipo 3' Layup,,,5,203506,Victor Oladipo,1610612760.0,Oklahoma City,Thunder,OKC,0,0,,,,,,0,0,,,,,,1
0021600596,273,4,0,3,9:20 PM,11:27,Rubio REBOUND (Off:0 Def:1),,,,,4,201937,Ricky Rubio,1610612750.0,Minnesota,Timberwolves,MIN,0,0,,,,,,0,0,,,,,,1
0021600596,274,1,98,3,9:20 PM,11:11,Wiggins 2' Cutting Layup Shot (11 PTS) (Rubio 5 AST),,,50 - 47,-3,4,203952,Andrew Wiggins,1610612750.0,Minnesota,Timberwolves,MIN,4,201937,Ricky Rubio,1610612750.0,Minnesota,Timberwolves,MIN,0,0,,,,,,1
0021600596,275,6,2,3,9:21 PM,10:53,Towns S.FOUL (P2.T1) (S.Anderson),,,,,4,1626157,Karl-Anthony Towns,1610612750.0,Minnesota,Timberwolves,MIN,5,1627734,Domantas Sabonis,1610612760.0,Oklahoma City,Thunder,OKC,1,0,,,,,,1
0021600596,276,3,11,3,9:21 PM,10:53,,,MISS Sabonis Free Throw 1 of 2,,,5,1627734,Domantas Sabonis,1610612760.0,Oklahoma City,Thunder,OKC,0,0,,,,,,0,0,,,,,,0
0021600596,277,4,1,3,9:21 PM,10:53,,,Thunder Rebound,,,3,1610612760,,,,,,0,0,,,,,,0,0,,,,,,0
0021600596,278,3,12,3,9:21 PM,10:53,,,Sabonis Free Throw 2 of 2 (5 PTS),51 - 47,-4,5,1627734,Domantas Sabonis,1610612760.0,Oklahoma City,Thunder,OKC,0,0,,,,,,0,0,,,,,,0
0021600596,280,5,2,3,9:22 PM,10:38,Wiggins Lost Ball Turnover (P3.T9),,Oladipo STEAL (1 STL),,,4,203952,Andrew Wiggins,1610612750.0,Minnesota,Timberwolves,MIN,5,203506,Victor Oladipo,1610612760.0,Oklahoma City,Thunder,OKC,0,0,,,,,,1
0021600596,281,1,42,3,9:22 PM,10:34,,,Oladipo  Driving Layup (10 PTS) (Roberson 1 AST),53 - 47,-6,5,203506,Victor Oladipo,1610612760.0,Oklahoma City,Thunder,OKC,5,203460,Andre Roberson,1610612760.0,Oklahoma City,Thunder,OKC,0,0,,,,,,1
0021600596,282,2,1,3,9:22 PM,10:11,MISS Towns 24' 3PT Jump Shot,,,,,4,1626157,Karl-Anthony Towns,1610612750.0,Minnesota,Timberwolves,MIN,0,0,,,,,,0,0,,,,,,1
0021600596,283,4,0,3,9:22 PM,10:10,,,Sabonis REBOUND (Off:1 Def:5),,,5,1627734,Domantas Sabonis,1610612760.0,Oklahoma City,Thunder,OKC,0,0,,,,,,0,0,,,,,,1
0021600596,284,2,79,3,9:22 PM,10:02,,,MISS Westbrook 25' 3PT Pullup Jump Shot,,,5,201566,Russell Westbrook,1610612760.0,Oklahoma City,Thunder,OKC,0,0,,,,,,0,0,,,,,,1
0021600596,285,4,0,3,9:22 PM,10:01,Towns REBOUND (Off:0 Def:10),,,,,4,1626157,Karl-Anthony Towns,1610612750.0,Minnesota,Timberwolves,MIN,0,0,,,,,,0,0,,,,,,1
0021600596,286,6,2,3,9:22 PM,9:55,,,Roberson S.FOUL (P1.T1) (S.Anderson),,,5,203460,Andre Roberson,1610612760.0,Oklahoma City,Thunder,OKC,4,201937,Ricky Rubio,1610612750.0,Minnesota,Timberwolves,MIN,1,0,,,,,,1
0021600596,287,3,11,3,9:23 PM,9:55,Rubio Free Throw 1 of 2 (9 PTS),,,53 - 48,-5,4,201937,Ricky Rubio,1610612750.0,Minnesota,Timberwolves,MIN,0,0,,,,,,0,0,,,,,,0
0021600596,290,3,12,3,9:23 PM,9:55,Rubio Free Throw 2 of 2 (10 PTS),,,53 - 49,-4,4,201937,Ricky Rubio,1610612750.0,Minnesota,Timberwolves,MIN,0,0,,,,,,0,0,,,,,,0
0021600596,293,5,1,3,9:23 PM,9:39,Towns STEAL (1 STL),,Westbrook Bad Pass Turnover (P4.T9),,,5,201566,Russell Westbrook,1610612760.0,Oklahoma City,Thunder,OKC,4,1626157,Karl-Anthony Towns,1610612750.0,Minnesota,Timberwolves,MIN,0,0,,,,,,1
0021600596,294,1,108,3,9:23 PM,9:27,Towns  Cutting Dunk Shot (14 PTS) (Rubio 6 AST),,,53 - 51,-2,4,1626157,Karl-Anthony Towns,1610612750.0,Minnesota,Timberwolves,MIN,4,201937,Ricky Rubio,1610612750.0,Minnesota,Timberwolves,MIN,0,0,,,,,,1
0021600596,295,2,1,3,9:24 PM,9:14,,,MISS Oladipo 25' 3PT Jump Shot,,,5,203506,Victor Oladipo,1610612760.0,Oklahoma City,Thunder,OKC,0,0,,,,,,0,0,,,,,,1
0021600596,296,4,0,3,9:24 PM,9:13,Towns REBOUND (Off:0 Def:11),,,,,4,1626157,Karl-Anthony Towns,1610612750.0,Minnesota,Timberwolves,MIN,0,0,,,,,,0,0,,,,,,1
0021600596,297,1,47,3,9:24 PM,9:03,Wiggins 9' Turnaround Jump Shot (13 PTS) (Rubio 7 AST),,,53 - 53,TIE,4,203952,Andrew Wiggins,1610612750.0,Minnesota,Timberwolves,MIN,4,201937,Ricky Rubio,1610612750.0,Minnesota,Timberwolves,MIN,0,0,,,,,,1
0021600596,298,1,108,3,9:24 PM,8:52,,,Sabonis  Cutting Dunk Shot (7 PTS) (Westbrook 8 AST),55 - 53,-2,5,1627734,Domantas Sabonis,1610612760.0,Oklahoma City,Thunder,OKC,5,201566,Russell Westbrook,1610612760.0,Oklahoma City,Thunder,OKC,0,0,,,,,,1
0021600596,299,2,1,3,9:24 PM,8:27,MISS Dieng 21' Jump Shot,,,,,4,203476,Gorgui Dieng,1610612750.0,Minnesota,Timberwolves,MIN,0,0,,,,,,0,0,,,,,,1
0021600596,300,4,0,3,9:24 PM,8:26,,,Roberson REBOUND (Off:0 Def:1),,,5,203460,Andre Roberson,1610612760.0,Oklahoma City,Thunder,OKC,0,0,,,,,,0,0,,,,,,1
0021600596,301,5,45,3,9:25 PM,8:22,,,Westbrook Out of Bounds - Bad Pass Turnover Turnover (P5.T10),,,5,201566,Russell Westbrook,1610612760.0,Oklahoma City,Thunder,OKC,0,0,,,,,,0,0,,,,,,1
0021600596,302,1,1,3,9:25 PM,8:02,Dieng 19' Jump Shot (4 PTS) (Rush 1 AST),,,55 - 55,TIE,4,203476,Gorgui Dieng,1610612750.0,Minnesota,Timberwolves,MIN,4,201575,Brandon Rush,1610612750.0,Minnesota,Timberwolves,MIN,0,0,,,,,,1
0021600596,303,2,1,3,9:25 PM,7:48,Towns BLOCK (3 BLK),,MISS Oladipo 4' Jump Shot,,,5,203506,Victor Oladipo,1610612760.0,Oklahoma City,Thunder,OKC,0,0,,,,,,4,1626157,Karl-Anthony Towns,1610612750.0,Minnesota,Timberwolves,MIN,1
0021600596,304,4,0,3,9:25 PM,7:47,,,Adams REBOUND (Off:2 Def:0),,,5,203500,Steven Adams,1610612760.0,Oklahoma City,Thunder,OKC,0,0,,,,,,0,0,,,,,,1
0021600596,305,6,2,3,9:25 PM,7:44,Towns S.FOUL (P3.T2) (D.Guthrie),,,,,4,1626157,Karl-Anthony Towns,1610612750.0,Minnesota,Timberwolves,MIN,5,201566,Russell Westbrook,1610612760.0,Oklahoma City,Thunder,OKC,1,0,,,,,,1
0021600596,306,3,11,3,9:26 PM,7:44,,,Westbrook Free Throw 1 of 2 (17 PTS),56 - 55,-1,5,201566,Russell Westbrook,1610612760.0,Oklahoma City,Thunder,OKC,0,0,,,,,,0,0,,,,,,0
0021600596,308,3,12,3,9:26 PM,7:44,,,Westbrook Free Throw 2 of 2 (18 PTS),57 - 55,-2,5,201566,Russell Westbrook,1610612760.0,Oklahoma City,Thunder,OKC,0,0,,,,,,0,0,,,,,,0
0021600596,310,2,3,3,9:26 PM,7:27,MISS Towns 8' Hook Shot,,,,,4,1626157,Karl-Anthony Towns,1610612750.0,Minnesota,Timberwolves,MIN,0,0,,,,,,0,0,,,,,,1
0021600596,311,4,0,3,9:26 PM,7:26,,,Adams REBOUND (Off:2 Def:1),,,5,203500,Steven Adams,1610612760.0,Oklahoma City,Thunder,OKC,0,0,,,,,,0,0,,,,,,1
0021600596,312,9,1,3,9:26 PM,7:26,,,Thunder Timeout: Regular (Reg.3 Short 1),,,3,1610612760,,,,,,0,0,,,,,,0,0,,,,,,0
0021600596,314,7,1,3,9:29 PM,7:26,TIMBERWOLVES Violation: Delay of game Violation,,,,,2,1610612750,,,,,,0,0,,,,,,1,0,,,,,,0
0021600596,315,2,1,3,9:29 PM,7:11,,,MISS Westbrook 20' Jump Shot,,,5,201566,Russell Westbrook,1610612760.0,Oklahoma City,Thunder,OKC,0,0,,,,,,0,0,,,,,,1
0021600596,316,4,0,3,9:29 PM,7:10,Rush REBOUND (Off:1 Def:1),,,,,4,201575,Brandon Rush,1610612750.0,Minnesota,Timberwolves,MIN,0,0,,,,,,0,0,,,,,,1
0021600596,317,2,1,3,9:29 PM,6:54,MISS Dieng 20' Jump Shot,,,,,4,203476,Gorgui Dieng,1610612750.0,Minnesota,Timberwolves,MIN,0,0,,,,,,0,0,,,,,,1
0021600596,318,4,0,3,9:29 PM,6:53,,,Oladipo REBOUND (Off:1 Def:3),,,5,203506,Victor Oladipo,1610612760.0,Oklahoma City,Thunder,OKC,0,0,,,,,,0,0,,,,,,1
0021600596,319,2,102,3,9:30 PM,6:36,,,MISS Westbrook 19' Driving Floating Bank Jump Shot,,,5,201566,Russell Westbrook,1610612760.0,Oklahoma City,Thunder,OKC,0,0,,,,,,0,0,,,,,,1
0021600596,320,4,0,3,9:30 PM,6:34,Dieng REBOUND (Off:0 Def:2),,,,,4,203476,Gorgui Dieng,1610612750.0,Minnesota,Timberwolves,MIN,0,0,,,,,,0,0,,,,,,1
0021600596,321,1,42,3,9:30 PM,6:24,Towns 1' Driving Layup (16 PTS) (Rubio 8 AST),,,57 - 57,TIE,4,1626157,Karl-Anthony Towns,1610612750.0,Minnesota,Timberwolves,MIN,4,201937,Ricky Rubio,1610612750.0,Minnesota,Timberwolves,MIN,0,0,,,,,,1
0021600596,322,6,2,3,9:30 PM,6:24,,,Roberson S.FOUL (P2.T2) (S.Anderson),,,5,203460,Andre Roberson,1610612760.0,Oklahoma City,Thunder,OKC,4,1626157,Karl-Anthony Towns,1610612750.0,Minnesota,Timberwolves,MIN,1,0,,,,,,1
0021600596,324,8,0,3,9:30 PM,6:24,,,SUB: Kanter FOR Sabonis,,,5,1627734,Domantas Sabonis,1610612760.0,Oklahoma City,Thunder,OKC,5,202683,Enes Freedom,1610612760.0,Oklahoma City,Thunder,OKC,0,0,,,,,,0
0021600596,325,3,10,3,9:30 PM,6:24,Towns Free Throw 1 of 1 (17 PTS),,,57 - 58,1,4,1626157,Karl-Anthony Towns,1610612750.0,Minnesota,Timberwolves,MIN,0,0,,,,,,0,0,,,,,,0
0021600596,327,5,1,3,9:31 PM,6:04,Towns STEAL (2 STL),,Westbrook Bad Pass Turnover (P6.T11),,,5,201566,Russell Westbrook,1610612760.0,Oklahoma City,Thunder,OKC,4,1626157,Karl-Anthony Towns,1610612750.0,Minnesota,Timberwolves,MIN,0,0,,,,,,1
0021600596,328,1,79,3,9:31 PM,5:56,Rubio 19' Pullup Jump Shot (12 PTS),,,57 - 60,3,4,201937,Ricky Rubio,1610612750.0,Minnesota,Timberwolves,MIN,0,0,,,,,,0,0,,,,,,1
0021600596,329,5,40,3,9:31 PM,5:43,,,Westbrook Out of Bounds Lost Ball Turnover (P7.T12),,,5,201566,Russell Westbrook,1610612760.0,Oklahoma City,Thunder,OKC,0,0,,,,,,0,0,,,,,,1
0021600596,330,1,1,3,9:32 PM,5:27,Rush  3PT Jump Shot (6 PTS) (Rubio 9 AST),,,57 - 63,6,4,201575,Brandon Rush,1610612750.0,Minnesota,Timberwolves,MIN,4,201937,Ricky Rubio,1610612750.0,Minnesota,Timberwolves,MIN,0,0,,,,,,1
0021600596,331,6,1,3,9:32 PM,5:10,Dieng P.FOUL (P4.T3) (D.Guthrie),,,,,4,203476,Gorgui Dieng,1610612750.0,Minnesota,Timberwolves,MIN,5,202683,Enes Freedom,1610612760.0,Oklahoma City,Thunder,OKC,1,0,,,,,,1
0021600596,332,1,79,3,9:32 PM,5:02,,,Oladipo 17' Pullup Jump Shot (12 PTS),59 - 63,4,5,203506,Victor Oladipo,1610612760.0,Oklahoma City,Thunder,OKC,0,0,,,,,,0,0,,,,,,1
0021600596,333,2,1,3,9:33 PM,4:42,MISS Wiggins 6' Jump Shot,,,,,4,203952,Andrew Wiggins,1610612750.0,Minnesota,Timberwolves,MIN,0,0,,,,,,0,0,,,,,,1
0021600596,334,4,0,3,9:33 PM,4:41,TIMBERWOLVES Rebound,,,,,2,1610612750,,,,,,0,0,,,,,,0,0,,,,,,0
0021600596,335,1,42,3,9:33 PM,4:33,Towns 1' Driving Layup (19 PTS),,,59 - 65,6,4,1626157,Karl-Anthony Towns,1610612750.0,Minnesota,Timberwolves,MIN,0,0,,,,,,0,0,,,,,,1
0021600596,336,6,1,3,9:33 PM,4:28,Rubio P.FOUL (P2.T4) (S.Anderson),,,,,4,201937,Ricky Rubio,1610612750.0,Minnesota,Timberwolves,MIN,5,201566,Russell Westbrook,1610612760.0,Oklahoma City,Thunder,OKC,1,0,,,,,,1
0021600596,337,2,79,3,9:34 PM,4:20,,,MISS Oladipo 15' Pullup Jump Shot,,,5,203506,Victor Oladipo,1610612760.0,Oklahoma City,Thunder,OKC,0,0,,,,,,0,0,,,,,,1
0021600596,338,4,0,3,9:34 PM,4:18,,,Adams REBOUND (Off:3 Def:1),,,5,203500,Steven Adams,1610612760.0,Oklahoma City,Thunder,OKC,0,0,,,,,,0,0,,,,,,1
0021600596,339,2,1,3,9:34 PM,4:13,,,MISS Westbrook 25' 3PT Jump Shot,,,5,201566,Russell Westbrook,1610612760.0,Oklahoma City,Thunder,OKC,0,0,,,,,,0,0,,,,,,1
0021600596,340,4,0,3,9:34 PM,4:12,,,Kanter REBOUND (Off:3 Def:2),,,5,202683,Enes Freedom,1610612760.0,Oklahoma City,Thunder,OKC,0,0,,,,,,0,0,,,,,,1
0021600596,341,1,72,3,9:34 PM,4:11,,,Kanter 1' Putback Layup (12 PTS),61 - 65,4,5,202683,Enes Freedom,1610612760.0,Oklahoma City,Thunder,OKC,0,0,,,,,,0,0,,,,,,1
0021600596,342,6,2,3,9:34 PM,4:11,Towns S.FOUL (P4.PN) (E.Lewis),,,,,4,1626157,Karl-Anthony Towns,1610612750.0,Minnesota,Timberwolves,MIN,5,202683,Enes Freedom,1610612760.0,Oklahoma City,Thunder,OKC,1,0,,,,,,1
0021600596,343,3,10,3,9:34 PM,4:11,,,Kanter Free Throw 1 of 1 (13 PTS),62 - 65,3,5,202683,Enes Freedom,1610612760.0,Oklahoma City,Thunder,OKC,0,0,,,,,,0,0,,,,,,0
0021600596,346,5,45,3,9:35 PM,3:59,Rubio Out of Bounds - Bad Pass Turnover Turnover (P3.T10),,,,,4,201937,Ricky Rubio,1610612750.0,Minnesota,Timberwolves,MIN,0,0,,,,,,0,0,,,,,,1
0021600596,347,2,42,3,9:35 PM,3:43,,,MISS Roberson 2' Driving Layup,,,5,203460,Andre Roberson,1610612760.0,Oklahoma City,Thunder,OKC,0,0,,,,,,0,0,,,,,,1
0021600596,348,4,0,3,9:35 PM,3:42,TIMBERWOLVES Rebound,,,,,2,1610612750,,,,,,0,0,,,,,,0,0,,,,,,0
0021600596,349,6,3,3,9:35 PM,3:42,,,Kanter L.B.FOUL (P2.T3) (E.Lewis),,,5,202683,Enes Freedom,1610612760.0,Oklahoma City,Thunder,OKC,4,203476,Gorgui Dieng,1610612750.0,Minnesota,Timberwolves,MIN,1,0,,,,,,1
0021600596,350,2,1,3,9:36 PM,3:28,MISS Towns 3' Jump Shot,,,,,4,1626157,Karl-Anthony Towns,1610612750.0,Minnesota,Timberwolves,MIN,0,0,,,,,,0,0,,,,,,1
0021600596,351,4,0,3,9:36 PM,3:28,,,Westbrook REBOUND (Off:2 Def:6),,,5,201566,Russell Westbrook,1610612760.0,Oklahoma City,Thunder,OKC,0,0,,,,,,0,0,,,,,,1
0021600596,352,2,5,3,9:36 PM,3:24,,,MISS Westbrook 2' Layup,,,5,201566,Russell Westbrook,1610612760.0,Oklahoma City,Thunder,OKC,0,0,,,,,,0,0,,,,,,1
0021600596,353,4,0,3,9:36 PM,3:23,,,Kanter REBOUND (Off:4 Def:2),,,5,202683,Enes Freedom,1610612760.0,Oklahoma City,Thunder,OKC,0,0,,,,,,0,0,,,,,,1
0021600596,354,1,72,3,9:36 PM,3:22,,,Kanter 2' Putback Layup (15 PTS),64 - 65,1,5,202683,Enes Freedom,1610612760.0,Oklahoma City,Thunder,OKC,0,0,,,,,,0,0,,,,,,1
0021600596,355,2,1,3,9:36 PM,2:58,MISS Wiggins 26' 3PT Jump Shot,,,,,4,203952,Andrew Wiggins,1610612750.0,Minnesota,Timberwolves,MIN,0,0,,,,,,0,0,,,,,,1
0021600596,356,4,0,3,9:36 PM,2:57,TIMBERWOLVES Rebound,,,,,2,1610612750,,,,,,0,0,,,,,,0,0,,,,,,0
0021600596,357,9,1,3,9:36 PM,2:57,TIMBERWOLVES Timeout: Regular (Full 3 Short 0),,,,,2,1610612750,,,,,,0,0,,,,,,0,0,,,,,,0
0021600596,359,8,0,3,9:38 PM,2:57,SUB: Muhammad FOR Rush,,,,,4,201575,Brandon Rush,1610612750.0,Minnesota,Timberwolves,MIN,4,203498,Shabazz Muhammad,1610612750.0,Minnesota,Timberwolves,MIN,0,0,,,,,,0
0021600596,360,8,0,3,9:38 PM,2:57,,,SUB: Grant FOR Oladipo,,,5,203506,Victor Oladipo,1610612760.0,Oklahoma City,Thunder,OKC,5,203924,Jerami Grant,1610612760.0,Oklahoma City,Thunder,OKC,0,0,,,,,,0
0021600596,361,2,1,3,9:39 PM,2:40,MISS Rubio 20' Jump Shot,,,,,4,201937,Ricky Rubio,1610612750.0,Minnesota,Timberwolves,MIN,0,0,,,,,,0,0,,,,,,1
0021600596,362,4,0,3,9:39 PM,2:39,,,Roberson REBOUND (Off:0 Def:2),,,5,203460,Andre Roberson,1610612760.0,Oklahoma City,Thunder,OKC,0,0,,,,,,0,0,,,,,,1
0021600596,363,2,79,3,9:39 PM,2:25,,,MISS Westbrook 16' Pullup Jump Shot,,,5,201566,Russell Westbrook,1610612760.0,Oklahoma City,Thunder,OKC,0,0,,,,,,0,0,,,,,,1
0021600596,364,4,0,3,9:39 PM,2:23,Towns REBOUND (Off:0 Def:12),,,,,4,1626157,Karl-Anthony Towns,1610612750.0,Minnesota,Timberwolves,MIN,0,0,,,,,,0,0,,,,,,1
0021600596,365,1,49,3,9:39 PM,2:12,Wiggins  Driving Dunk (15 PTS),,,64 - 67,3,4,203952,Andrew Wiggins,1610612750.0,Minnesota,Timberwolves,MIN,0,0,,,,,,0,0,,,,,,1
0021600596,366,2,3,3,9:40 PM,1:49,,,MISS Adams 9' Hook Shot,,,5,203500,Steven Adams,1610612760.0,Oklahoma City,Thunder,OKC,0,0,,,,,,0,0,,,,,,1
0021600596,367,4,0,3,9:40 PM,1:47,Towns REBOUND (Off:0 Def:13),,,,,4,1626157,Karl-Anthony Towns,1610612750.0,Minnesota,Timberwolves,MIN,0,0,,,,,,0,0,,,,,,1
0021600596,368,5,1,3,9:40 PM,1:35,Muhammad Bad Pass Turnover (P1.T11),,Roberson STEAL (4 STL),,,4,203498,Shabazz Muhammad,1610612750.0,Minnesota,Timberwolves,MIN,5,203460,Andre Roberson,1610612760.0,Oklahoma City,Thunder,OKC,0,0,,,,,,1
0021600596,369,1,7,3,9:40 PM,1:30,,,Roberson  Dunk (8 PTS) (Westbrook 9 AST),66 - 67,1,5,203460,Andre Roberson,1610612760.0,Oklahoma City,Thunder,OKC,5,201566,Russell Westbrook,1610612760.0,Oklahoma City,Thunder,OKC,0,0,,,,,,1
0021600596,370,1,79,3,9:40 PM,1:15,Rubio 21' Pullup Jump Shot (14 PTS),,,66 - 69,3,4,201937,Ricky Rubio,1610612750.0,Minnesota,Timberwolves,MIN,0,0,,,,,,0,0,,,,,,1
0021600596,371,1,5,3,9:41 PM,0:57,,,Adams 1' Layup (4 PTS) (Westbrook 10 AST),68 - 69,1,5,203500,Steven Adams,1610612760.0,Oklahoma City,Thunder,OKC,5,201566,Russell Westbrook,1610612760.0,Oklahoma City,Thunder,OKC,0,0,,,,,,1
0021600596,372,1,1,3,9:41 PM,0:44,Muhammad  3PT Jump Shot (5 PTS) (Rubio 10 AST),,,68 - 72,4,4,203498,Shabazz Muhammad,1610612750.0,Minnesota,Timberwolves,MIN,4,201937,Ricky Rubio,1610612750.0,Minnesota,Timberwolves,MIN,0,0,,,,,,1
0021600596,373,5,1,3,9:41 PM,0:34,Rubio STEAL (3 STL),,Westbrook Bad Pass Turnover (P8.T13),,,5,201566,Russell Westbrook,1610612760.0,Oklahoma City,Thunder,OKC,4,201937,Ricky Rubio,1610612750.0,Minnesota,Timberwolves,MIN,0,0,,,,,,1
0021600596,374,1,49,3,9:41 PM,0:32,Muhammad  Driving Dunk (7 PTS) (Rubio 11 AST),,,68 - 74,6,4,203498,Shabazz Muhammad,1610612750.0,Minnesota,Timberwolves,MIN,4,201937,Ricky Rubio,1610612750.0,Minnesota,Timberwolves,MIN,0,0,,,,,,1
0021600596,375,2,1,3,9:42 PM,0:10,,,MISS Westbrook 25' 3PT Jump Shot,,,5,201566,Russell Westbrook,1610612760.0,Oklahoma City,Thunder,OKC,0,0,,,,,,0,0,,,,,,1
0021600596,376,4,0,3,9:42 PM,0:10,Rubio REBOUND (Off:0 Def:2),,,,,4,201937,Ricky Rubio,1610612750.0,Minnesota,Timberwolves,MIN,0,0,,,,,,0,0,,,,,,1
0021600596,377,5,2,3,9:42 PM,0:06,Rubio Lost Ball Turnover (P4.T12),,Roberson STEAL (5 STL),,,4,201937,Ricky Rubio,1610612750.0,Minnesota,Timberwolves,MIN,5,203460,Andre Roberson,1610612760.0,Oklahoma City,Thunder,OKC,0,0,,,,,,1
0021600596,378,2,5,3,9:42 PM,0:03,,,MISS Roberson 1' Layup,,,5,203460,Andre Roberson,1610612760.0,Oklahoma City,Thunder,OKC,0,0,,,,,,0,0,,,,,,1
0021600596,379,4,0,3,9:42 PM,0:03,,,Kanter REBOUND (Off:5 Def:2),,,5,202683,Enes Freedom,1610612760.0,Oklahoma City,Thunder,OKC,0,0,,,,,,0,0,,,,,,1
0021600596,380,2,5,3,9:42 PM,0:00,Wiggins BLOCK (1 BLK),,MISS Kanter 2' Layup,,,5,202683,Enes Freedom,1610612760.0,Oklahoma City,Thunder,OKC,0,0,,,,,,4,203952,Andrew Wiggins,1610612750.0,Minnesota,Timberwolves,MIN,1
0021600596,381,4,0,3,9:42 PM,0:00,,,Thunder Rebound,,,3,1610612760,,,,,,0,0,,,,,,0,0,,,,,,0
0021600596,382,13,0,3,9:43 PM,0:00,,,,68 - 74,6,0,0,,,,,,0,0,,,,,,0,0,,,,,,0
0021600596,384,12,0,4,9:45 PM,12:00,,,,68 - 74,6,0,0,,,,,,0,0,,,,,,0,0,,,,,,0
0021600596,385,2,45,4,9:45 PM,11:38,,,MISS Payne 25' 3PT Jump Shot,,,5,1626166,Cameron Payne,1610612760.0,Oklahoma City,Thunder,OKC,0,0,,,,,,0,0,,,,,,1
0021600596,386,4,0,4,9:45 PM,11:37,,,Kanter REBOUND (Off:6 Def:2),,,5,202683,Enes Freedom,1610612760.0,Oklahoma City,Thunder,OKC,0,0,,,,,,0,0,,,,,,1
0021600596,387,6,26,4,9:45 PM,11:35,,,Kanter Offensive Charge Foul (P3.T1) (D.Guthrie),,,5,202683,Enes Freedom,1610612760.0,Oklahoma City,Thunder,OKC,4,203476,Gorgui Dieng,1610612750.0,Minnesota,Timberwolves,MIN,1,0,,,,,,1
0021600596,388,5,5,4,9:45 PM,11:35,,,Kanter Foul Turnover (P2.T14),,,5,202683,Enes Freedom,1610612760.0,Oklahoma City,Thunder,OKC,0,0,,,,,,1,0,,,,,,1
0021600596,389,6,1,4,9:46 PM,11:21,,,Payne P.FOUL (P1.T2) (E.Lewis),,,5,1626166,Cameron Payne,1610612760.0,Oklahoma City,Thunder,OKC,4,202357,Nemanja Bjelica,1610612750.0,Minnesota,Timberwolves,MIN,1,0,,,,,,1
0021600596,390,1,82,4,9:46 PM,11:08,Bjelica 6' Driving Bank Shot (7 PTS),,,68 - 76,8,4,202357,Nemanja Bjelica,1610612750.0,Minnesota,Timberwolves,MIN,0,0,,,,,,0,0,,,,,,1
0021600596,391,6,2,4,9:46 PM,11:08,,,Grant S.FOUL (P1.T3) (D.Guthrie),,,5,203924,Jerami Grant,1610612760.0,Oklahoma City,Thunder,OKC,4,202357,Nemanja Bjelica,1610612750.0,Minnesota,Timberwolves,MIN,1,0,,,,,,1
0021600596,392,3,10,4,9:46 PM,11:08,Bjelica Free Throw 1 of 1 (8 PTS),,,68 - 77,9,4,202357,Nemanja Bjelica,1610612750.0,Minnesota,Timberwolves,MIN,0,0,,,,,,0,0,,,,,,0
0021600596,394,6,1,4,9:47 PM,10:58,Bjelica P.FOUL (P4.T1) (E.Lewis),,,,,4,202357,Nemanja Bjelica,1610612750.0,Minnesota,Timberwolves,MIN,5,202683,Enes Freedom,1610612760.0,Oklahoma City,Thunder,OKC,1,0,,,,,,1
0021600596,395,2,1,4,9:47 PM,10:47,,,MISS Oladipo 17' Jump Shot,,,5,203506,Victor Oladipo,1610612760.0,Oklahoma City,Thunder,OKC,0,0,,,,,,0,0,,,,,,1
0021600596,396,4,0,4,9:47 PM,10:46,Dieng REBOUND (Off:0 Def:3),,,,,4,203476,Gorgui Dieng,1610612750.0,Minnesota,Timberwolves,MIN,0,0,,,,,,0,0,,,,,,1
0021600596,397,2,1,4,9:47 PM,10:30,MISS Bjelica 25' 3PT Jump Shot,,,,,4,202357,Nemanja Bjelica,1610612750.0,Minnesota,Timberwolves,MIN,0,0,,,,,,0,0,,,,,,1
0021600596,398,4,0,4,9:47 PM,10:29,,,Payne REBOUND (Off:0 Def:3),,,5,1626166,Cameron Payne,1610612760.0,Oklahoma City,Thunder,OKC,0,0,,,,,,0,0,,,,,,1
0021600596,399,5,1,4,9:47 PM,10:23,Rush STEAL (2 STL),,Payne Bad Pass Turnover (P1.T15),,,5,1626166,Cameron Payne,1610612760.0,Oklahoma City,Thunder,OKC,4,201575,Brandon Rush,1610612750.0,Minnesota,Timberwolves,MIN,0,0,,,,,,1
0021600596,400,1,1,4,9:48 PM,10:05,Rush 24' 3PT Jump Shot (9 PTS) (Dieng 2 AST),,,68 - 80,12,4,201575,Brandon Rush,1610612750.0,Minnesota,Timberwolves,MIN,4,203476,Gorgui Dieng,1610612750.0,Minnesota,Timberwolves,MIN,0,0,,,,,,1
0021600596,401,9,1,4,9:48 PM,10:05,,,Thunder Timeout: Regular (Reg.4 Short 1),,,3,1610612760,,,,,,0,0,,,,,,0,0,,,,,,0
0021600596,403,5,2,4,9:50 PM,9:50,Dunn STEAL (1 STL),,Oladipo Lost Ball Turnover (P1.T16),,,5,203506,Victor Oladipo,1610612760.0,Oklahoma City,Thunder,OKC,4,1627739,Kris Dunn,1610612750.0,Minnesota,Timberwolves,MIN,0,0,,,,,,1
0021600596,404,2,78,4,9:51 PM,9:34,MISS Rush 8' Floating Jump Shot,,,,,4,201575,Brandon Rush,1610612750.0,Minnesota,Timberwolves,MIN,0,0,,,,,,0,0,,,,,,1
0021600596,406,4,0,4,9:51 PM,9:32,Rush REBOUND (Off:2 Def:1),,,,,4,201575,Brandon Rush,1610612750.0,Minnesota,Timberwolves,MIN,0,0,,,,,,0,0,,,,,,1
0021600596,405,1,97,4,9:51 PM,9:32,Rush 1' Tip Layup Shot (11 PTS),,,68 - 82,14,4,201575,Brandon Rush,1610612750.0,Minnesota,Timberwolves,MIN,0,0,,,,,,0,0,,,,,,1
0021600596,407,1,5,4,9:51 PM,9:15,,,Kanter  Layup (17 PTS) (Lauvergne 1 AST),70 - 82,12,5,202683,Enes Freedom,1610612760.0,Oklahoma City,Thunder,OKC,5,203530,Joffrey Lauvergne,1610612760.0,Oklahoma City,Thunder,OKC,0,0,,,,,,1
0021600596,409,2,80,4,9:51 PM,8:58,MISS Dunn 19' Step Back Jump Shot,,,,,4,1627739,Kris Dunn,1610612750.0,Minnesota,Timberwolves,MIN,0,0,,,,,,0,0,,,,,,1
0021600596,410,4,0,4,9:51 PM,8:57,TIMBERWOLVES Rebound,,,,,2,1610612750,,,,,,0,0,,,,,,0,0,,,,,,0
0021600596,411,6,3,4,9:51 PM,8:57,,,Grant L.B.FOUL (P2.T4) (S.Anderson),,,5,203924,Jerami Grant,1610612760.0,Oklahoma City,Thunder,OKC,4,203476,Gorgui Dieng,1610612750.0,Minnesota,Timberwolves,MIN,1,0,,,,,,1
0021600596,412,8,0,4,9:52 PM,8:57,,,SUB: Westbrook FOR Oladipo,,,5,203506,Victor Oladipo,1610612760.0,Oklahoma City,Thunder,OKC,5,201566,Russell Westbrook,1610612760.0,Oklahoma City,Thunder,OKC,0,0,,,,,,0
0021600596,413,2,1,4,9:52 PM,8:44,MISS Dieng 15' Jump Shot,,,,,4,203476,Gorgui Dieng,1610612750.0,Minnesota,Timberwolves,MIN,0,0,,,,,,0,0,,,,,,1
0021600596,414,4,0,4,9:52 PM,8:42,Bjelica REBOUND (Off:1 Def:2),,,,,4,202357,Nemanja Bjelica,1610612750.0,Minnesota,Timberwolves,MIN,0,0,,,,,,0,0,,,,,,1
0021600596,415,2,5,4,9:52 PM,8:41,MISS Bjelica 1' Layup,,,,,4,202357,Nemanja Bjelica,1610612750.0,Minnesota,Timberwolves,MIN,0,0,,,,,,0,0,,,,,,1
0021600596,416,4,0,4,9:52 PM,8:40,,,Westbrook REBOUND (Off:2 Def:7),,,5,201566,Russell Westbrook,1610612760.0,Oklahoma City,Thunder,OKC,0,0,,,,,,0,0,,,,,,1
0021600596,417,2,1,4,9:52 PM,8:27,,,MISS Lauvergne 14' Jump Shot,,,5,203530,Joffrey Lauvergne,1610612760.0,Oklahoma City,Thunder,OKC,0,0,,,,,,0,0,,,,,,1
0021600596,418,4,0,4,9:52 PM,8:27,,,Thunder Rebound,,,3,1610612760,,,,,,0,0,,,,,,0,0,,,,,,0
0021600596,419,6,3,4,9:52 PM,8:27,Dieng L.B.FOUL (P5.T2) (E.Lewis),,,,,4,203476,Gorgui Dieng,1610612750.0,Minnesota,Timberwolves,MIN,5,202683,Enes Freedom,1610612760.0,Oklahoma City,Thunder,OKC,1,0,,,,,,1
0021600596,420,8,0,4,9:52 PM,8:27,SUB: Towns FOR Dieng,,,,,4,203476,Gorgui Dieng,1610612750.0,Minnesota,Timberwolves,MIN,4,1626157,Karl-Anthony Towns,1610612750.0,Minnesota,Timberwolves,MIN,0,0,,,,,,0
0021600596,422,6,2,4,9:53 PM,8:21,Dunn S.FOUL (P2.T3) (S.Anderson),,,,,4,1627739,Kris Dunn,1610612750.0,Minnesota,Timberwolves,MIN,5,202683,Enes Freedom,1610612760.0,Oklahoma City,Thunder,OKC,1,0,,,,,,1
0021600596,423,3,11,4,9:53 PM,8:21,,,Kanter Free Throw 1 of 2 (18 PTS),71 - 82,11,5,202683,Enes Freedom,1610612760.0,Oklahoma City,Thunder,OKC,0,0,,,,,,0,0,,,,,,0
0021600596,425,8,0,4,9:53 PM,8:21,SUB: Rubio FOR Dunn,,,,,4,1627739,Kris Dunn,1610612750.0,Minnesota,Timberwolves,MIN,4,201937,Ricky Rubio,1610612750.0,Minnesota,Timberwolves,MIN,0,0,,,,,,0
0021600596,426,3,12,4,9:53 PM,8:21,,,Kanter Free Throw 2 of 2 (19 PTS),72 - 82,10,5,202683,Enes Freedom,1610612760.0,Oklahoma City,Thunder,OKC,0,0,,,,,,0,0,,,,,,0
0021600596,429,1,1,4,9:54 PM,8:09,Towns 19' Jump Shot (21 PTS) (Rubio 12 AST),,,72 - 84,12,4,1626157,Karl-Anthony Towns,1610612750.0,Minnesota,Timberwolves,MIN,4,201937,Ricky Rubio,1610612750.0,Minnesota,Timberwolves,MIN,0,0,,,,,,1
0021600596,430,5,4,4,9:54 PM,7:56,,,Kanter Traveling Turnover (P3.T17),,,5,202683,Enes Freedom,1610612760.0,Oklahoma City,Thunder,OKC,0,0,,,,,,1,0,,,,,,1
0021600596,431,8,0,4,9:54 PM,7:56,,,SUB: Oladipo FOR Grant,,,5,203924,Jerami Grant,1610612760.0,Oklahoma City,Thunder,OKC,5,203506,Victor Oladipo,1610612760.0,Oklahoma City,Thunder,OKC,0,0,,,,,,0
0021600596,432,8,0,4,9:54 PM,7:56,,,SUB: Adams FOR Lauvergne,,,5,203530,Joffrey Lauvergne,1610612760.0,Oklahoma City,Thunder,OKC,5,203500,Steven Adams,1610612760.0,Oklahoma City,Thunder,OKC,0,0,,,,,,0
0021600596,433,1,78,4,9:54 PM,7:41,Towns 6' Floating Jump Shot (23 PTS),,,72 - 86,14,4,1626157,Karl-Anthony Towns,1610612750.0,Minnesota,Timberwolves,MIN,0,0,,,,,,0,0,,,,,,1
0021600596,434,6,1,4,9:55 PM,7:25,Bjelica P.FOUL (P5.T4) (D.Guthrie),,,,,4,202357,Nemanja Bjelica,1610612750.0,Minnesota,Timberwolves,MIN,5,202683,Enes Freedom,1610612760.0,Oklahoma City,Thunder,OKC,1,0,,,,,,1
0021600596,435,8,0,4,9:55 PM,7:25,SUB: Dieng FOR Bjelica,,,,,4,202357,Nemanja Bjelica,1610612750.0,Minnesota,Timberwolves,MIN,4,203476,Gorgui Dieng,1610612750.0,Minnesota,Timberwolves,MIN,0,0,,,,,,0
0021600596,436,2,1,4,9:55 PM,7:14,,,MISS Payne 25' 3PT Jump Shot,,,5,1626166,Cameron Payne,1610612760.0,Oklahoma City,Thunder,OKC,0,0,,,,,,0,0,,,,,,1
0021600596,437,4,0,4,9:55 PM,7:12,,,Westbrook REBOUND (Off:3 Def:7),,,5,201566,Russell Westbrook,1610612760.0,Oklahoma City,Thunder,OKC,0,0,,,,,,0,0,,,,,,1
0021600596,438,2,1,4,9:55 PM,7:09,,,MISS Westbrook 26' 3PT Jump Shot,,,5,201566,Russell Westbrook,1610612760.0,Oklahoma City,Thunder,OKC,0,0,,,,,,0,0,,,,,,1
0021600596,439,4,0,4,9:55 PM,7:08,Muhammad REBOUND (Off:0 Def:1),,,,,4,203498,Shabazz Muhammad,1610612750.0,Minnesota,Timberwolves,MIN,0,0,,,,,,0,0,,,,,,1
0021600596,440,5,1,4,9:56 PM,6:53,Rubio Bad Pass Turnover (P5.T13),,Adams STEAL (2 STL),,,4,201937,Ricky Rubio,1610612750.0,Minnesota,Timberwolves,MIN,5,203500,Steven Adams,1610612760.0,Oklahoma City,Thunder,OKC,0,0,,,,,,1
0021600596,441,1,42,4,9:56 PM,6:49,,,Oladipo 1' Driving Layup (14 PTS) (Westbrook 11 AST),74 - 86,12,5,203506,Victor Oladipo,1610612760.0,Oklahoma City,Thunder,OKC,5,201566,Russell Westbrook,1610612760.0,Oklahoma City,Thunder,OKC,0,0,,,,,,1
0021600596,442,2,42,4,9:56 PM,6:28,MISS Towns  Driving Layup,,,,,4,1626157,Karl-Anthony Towns,1610612750.0,Minnesota,Timberwolves,MIN,0,0,,,,,,0,0,,,,,,1
0021600596,443,4,0,4,9:56 PM,6:27,,,Payne REBOUND (Off:0 Def:4),,,5,1626166,Cameron Payne,1610612760.0,Oklahoma City,Thunder,OKC,0,0,,,,,,0,0,,,,,,1
0021600596,444,6,2,4,9:56 PM,6:24,Rubio S.FOUL (P3.PN) (S.Anderson),,,,,4,201937,Ricky Rubio,1610612750.0,Minnesota,Timberwolves,MIN,5,203506,Victor Oladipo,1610612760.0,Oklahoma City,Thunder,OKC,1,0,,,,,,1
0021600596,445,6,11,4,9:57 PM,6:24,Towns T.FOUL (P4.PN) (S.Anderson),,,,,4,1626157,Karl-Anthony Towns,1610612750.0,Minnesota,Timberwolves,MIN,0,0,,,,,,1,0,,,,,,1
0021600596,446,3,16,4,9:57 PM,6:24,,,Westbrook Free Throw Technical (19 PTS),75 - 86,11,5,201566,Russell Westbrook,1610612760.0,Oklahoma City,Thunder,OKC,0,0,,,,,,0,0,,,,,,0
0021600596,448,3,11,4,9:57 PM,6:24,,,Oladipo Free Throw 1 of 2 (15 PTS),76 - 86,10,5,203506,Victor Oladipo,1610612760.0,Oklahoma City,Thunder,OKC,0,0,,,,,,0,0,,,,,,0
0021600596,450,8,0,4,9:57 PM,6:24,SUB: Wiggins FOR Muhammad,,,,,4,203498,Shabazz Muhammad,1610612750.0,Minnesota,Timberwolves,MIN,4,203952,Andrew Wiggins,1610612750.0,Minnesota,Timberwolves,MIN,0,0,,,,,,0
0021600596,451,3,12,4,9:57 PM,6:24,,,Oladipo Free Throw 2 of 2 (16 PTS),77 - 86,9,5,203506,Victor Oladipo,1610612760.0,Oklahoma City,Thunder,OKC,0,0,,,,,,0,0,,,,,,0
0021600596,453,2,78,4,9:58 PM,6:14,MISS Rubio 8' Floating Jump Shot,,,,,4,201937,Ricky Rubio,1610612750.0,Minnesota,Timberwolves,MIN,0,0,,,,,,0,0,,,,,,1
0021600596,454,4,0,4,9:58 PM,6:13,,,Westbrook REBOUND (Off:3 Def:8),,,5,201566,Russell Westbrook,1610612760.0,Oklahoma City,Thunder,OKC,0,0,,,,,,0,0,,,,,,1
0021600596,455,2,1,4,9:58 PM,6:04,,,MISS Westbrook  3PT Jump Shot,,,5,201566,Russell Westbrook,1610612760.0,Oklahoma City,Thunder,OKC,0,0,,,,,,0,0,,,,,,1
0021600596,456,4,0,4,9:58 PM,6:03,Towns REBOUND (Off:0 Def:14),,,,,4,1626157,Karl-Anthony Towns,1610612750.0,Minnesota,Timberwolves,MIN,0,0,,,,,,0,0,,,,,,1
0021600596,457,1,47,4,9:58 PM,5:47,Wiggins 13' Turnaround Jump Shot (17 PTS) (Rubio 13 AST),,,77 - 88,11,4,203952,Andrew Wiggins,1610612750.0,Minnesota,Timberwolves,MIN,4,201937,Ricky Rubio,1610612750.0,Minnesota,Timberwolves,MIN,0,0,,,,,,1
0021600596,458,5,2,4,9:58 PM,5:27,Rubio STEAL (4 STL),,Westbrook Lost Ball Turnover (P9.T18),,,5,201566,Russell Westbrook,1610612760.0,Oklahoma City,Thunder,OKC,4,201937,Ricky Rubio,1610612750.0,Minnesota,Timberwolves,MIN,0,0,,,,,,1
0021600596,459,1,1,4,9:59 PM,5:09,Towns 5' Jump Shot (25 PTS),,,77 - 90,13,4,1626157,Karl-Anthony Towns,1610612750.0,Minnesota,Timberwolves,MIN,0,0,,,,,,0,0,,,,,,1
0021600596,460,9,1,4,9:59 PM,5:09,,,Thunder Timeout: Regular (Reg.5 Short 1),,,3,1610612760,,,,,,0,0,,,,,,0,0,,,,,,0
0021600596,462,8,0,4,10:01 PM,5:09,,,SUB: Roberson FOR Payne,,,5,1626166,Cameron Payne,1610612760.0,Oklahoma City,Thunder,OKC,5,203460,Andre Roberson,1610612760.0,Oklahoma City,Thunder,OKC,0,0,,,,,,0
0021600596,464,2,42,4,10:02 PM,4:57,,,MISS Westbrook 1' Driving Layup,,,5,201566,Russell Westbrook,1610612760.0,Oklahoma City,Thunder,OKC,0,0,,,,,,0,0,,,,,,1
0021600596,465,4,0,4,10:02 PM,4:56,Towns REBOUND (Off:0 Def:15),,,,,4,1626157,Karl-Anthony Towns,1610612750.0,Minnesota,Timberwolves,MIN,0,0,,,,,,0,0,,,,,,1
0021600596,466,2,47,4,10:02 PM,4:39,MISS Wiggins 5' Turnaround Jump Shot,,,,,4,203952,Andrew Wiggins,1610612750.0,Minnesota,Timberwolves,MIN,0,0,,,,,,0,0,,,,,,1
0021600596,467,4,0,4,10:02 PM,4:38,,,Adams REBOUND (Off:3 Def:2),,,5,203500,Steven Adams,1610612760.0,Oklahoma City,Thunder,OKC,0,0,,,,,,0,0,,,,,,1
0021600596,468,2,1,4,10:02 PM,4:28,,,MISS Westbrook 24' 3PT Jump Shot,,,5,201566,Russell Westbrook,1610612760.0,Oklahoma City,Thunder,OKC,0,0,,,,,,0,0,,,,,,1
0021600596,469,4,0,4,10:02 PM,4:27,Rubio REBOUND (Off:0 Def:3),,,,,4,201937,Ricky Rubio,1610612750.0,Minnesota,Timberwolves,MIN,0,0,,,,,,0,0,,,,,,1
0021600596,470,2,1,4,10:03 PM,4:04,MISS Dieng  3PT Jump Shot,,,,,4,203476,Gorgui Dieng,1610612750.0,Minnesota,Timberwolves,MIN,0,0,,,,,,0,0,,,,,,1
0021600596,471,4,0,4,10:03 PM,4:02,Towns REBOUND (Off:1 Def:15),,,,,4,1626157,Karl-Anthony Towns,1610612750.0,Minnesota,Timberwolves,MIN,0,0,,,,,,0,0,,,,,,1
0021600596,472,5,45,4,10:03 PM,3:59,Towns Out of Bounds - Bad Pass Turnover Turnover (P2.T14),,,,,4,1626157,Karl-Anthony Towns,1610612750.0,Minnesota,Timberwolves,MIN,0,0,,,,,,0,0,,,,,,1
0021600596,473,1,1,4,10:03 PM,3:49,,,Kanter 21' Jump Shot (21 PTS) (Westbrook 12 AST),79 - 90,11,5,202683,Enes Freedom,1610612760.0,Oklahoma City,Thunder,OKC,5,201566,Russell Westbrook,1610612760.0,Oklahoma City,Thunder,OKC,0,0,,,,,,1
0021600596,474,2,1,4,10:04 PM,3:17,MISS Wiggins 19' Jump Shot,,,,,4,203952,Andrew Wiggins,1610612750.0,Minnesota,Timberwolves,MIN,0,0,,,,,,0,0,,,,,,1
0021600596,475,4,0,4,10:04 PM,3:16,Towns REBOUND (Off:2 Def:15),,,,,4,1626157,Karl-Anthony Towns,1610612750.0,Minnesota,Timberwolves,MIN,0,0,,,,,,0,0,,,,,,1
0021600596,476,6,1,4,10:04 PM,3:01,,,Roberson P.FOUL (P3.PN) (D.Guthrie),,,5,203460,Andre Roberson,1610612760.0,Oklahoma City,Thunder,OKC,4,201937,Ricky Rubio,1610612750.0,Minnesota,Timberwolves,MIN,1,0,,,,,,1
0021600596,477,8,0,4,10:04 PM,3:01,SUB: Bjelica FOR Dieng,,,,,4,203476,Gorgui Dieng,1610612750.0,Minnesota,Timberwolves,MIN,4,202357,Nemanja Bjelica,1610612750.0,Minnesota,Timberwolves,MIN,0,0,,,,,,0
0021600596,478,6,1,4,10:04 PM,2:55,,,Kanter P.FOUL (P4.PN) (E.Lewis),,,5,202683,Enes Freedom,1610612760.0,Oklahoma City,Thunder,OKC,4,1626157,Karl-Anthony Towns,1610612750.0,Minnesota,Timberwolves,MIN,1,0,,,,,,1
0021600596,479,9,1,4,10:05 PM,2:55,,,,,,1,0,,,,,,0,0,,,,,,0,0,,,,,,0
0021600596,481,8,0,4,10:07 PM,2:55,,,SUB: Grant FOR Kanter,,,5,202683,Enes Freedom,1610612760.0,Oklahoma City,Thunder,OKC,5,203924,Jerami Grant,1610612760.0,Oklahoma City,Thunder,OKC,0,0,,,,,,0
0021600596,482,3,11,4,10:07 PM,2:55,Towns Free Throw 1 of 2 (26 PTS),,,79 - 91,12,4,1626157,Karl-Anthony Towns,1610612750.0,Minnesota,Timberwolves,MIN,0,0,,,,,,0,0,,,,,,0
0021600596,484,3,12,4,10:07 PM,2:55,Towns Free Throw 2 of 2 (27 PTS),,,79 - 92,13,4,1626157,Karl-Anthony Towns,1610612750.0,Minnesota,Timberwolves,MIN,0,0,,,,,,0,0,,,,,,0
0021600596,486,6,27,4,10:08 PM,2:47,Bjelica Personal Block Foul (P6.PN) (S.Anderson),,,,,4,202357,Nemanja Bjelica,1610612750.0,Minnesota,Timberwolves,MIN,5,203924,Jerami Grant,1610612760.0,Oklahoma City,Thunder,OKC,1,0,,,,,,1
0021600596,487,8,0,4,10:08 PM,2:47,SUB: Muhammad FOR Bjelica,,,,,4,202357,Nemanja Bjelica,1610612750.0,Minnesota,Timberwolves,MIN,4,203498,Shabazz Muhammad,1610612750.0,Minnesota,Timberwolves,MIN,0,0,,,,,,0
0021600596,488,3,11,4,10:08 PM,2:47,,,Grant Free Throw 1 of 2 (1 PTS),80 - 92,12,5,203924,Jerami Grant,1610612760.0,Oklahoma City,Thunder,OKC,0,0,,,,,,0,0,,,,,,0
0021600596,490,3,12,4,10:09 PM,2:47,,,Grant Free Throw 2 of 2 (2 PTS),81 - 92,11,5,203924,Jerami Grant,1610612760.0,Oklahoma City,Thunder,OKC,0,0,,,,,,0,0,,,,,,0
0021600596,492,2,1,4,10:09 PM,2:25,MISS Wiggins 26' 3PT Jump Shot,,,,,4,203952,Andrew Wiggins,1610612750.0,Minnesota,Timberwolves,MIN,0,0,,,,,,0,0,,,,,,1
0021600596,493,4,0,4,10:09 PM,2:24,,,Grant REBOUND (Off:0 Def:3),,,5,203924,Jerami Grant,1610612760.0,Oklahoma City,Thunder,OKC,0,0,,,,,,0,0,,,,,,1
0021600596,494,2,1,4,10:09 PM,2:13,,,MISS Oladipo  3PT Jump Shot,,,5,203506,Victor Oladipo,1610612760.0,Oklahoma City,Thunder,OKC,0,0,,,,,,0,0,,,,,,1
0021600596,495,4,0,4,10:09 PM,2:12,,,Oladipo REBOUND (Off:2 Def:3),,,5,203506,Victor Oladipo,1610612760.0,Oklahoma City,Thunder,OKC,0,0,,,,,,0,0,,,,,,1
0021600596,496,2,1,4,10:09 PM,2:09,,,MISS Westbrook 24' 3PT Jump Shot,,,5,201566,Russell Westbrook,1610612760.0,Oklahoma City,Thunder,OKC,0,0,,,,,,0,0,,,,,,1
0021600596,497,4,0,4,10:09 PM,2:07,Wiggins REBOUND (Off:1 Def:5),,,,,4,203952,Andrew Wiggins,1610612750.0,Minnesota,Timberwolves,MIN,0,0,,,,,,0,0,,,,,,1
0021600596,498,5,1,4,10:10 PM,1:49,Wiggins Bad Pass Turnover (P4.T15),,Westbrook STEAL (2 STL),,,4,203952,Andrew Wiggins,1610612750.0,Minnesota,Timberwolves,MIN,5,201566,Russell Westbrook,1610612760.0,Oklahoma City,Thunder,OKC,0,0,,,,,,1
0021600596,499,1,49,4,10:10 PM,1:46,,,Westbrook  Driving Dunk (21 PTS),83 - 92,9,5,201566,Russell Westbrook,1610612760.0,Oklahoma City,Thunder,OKC,0,0,,,,,,0,0,,,,,,1
0021600596,500,1,5,4,10:10 PM,1:30,Wiggins  Layup (19 PTS) (Rubio 14 AST),,,83 - 94,11,4,203952,Andrew Wiggins,1610612750.0,Minnesota,Timberwolves,MIN,4,201937,Ricky Rubio,1610612750.0,Minnesota,Timberwolves,MIN,0,0,,,,,,1
0021600596,501,6,4,4,10:11 PM,1:19,,,Westbrook OFF.Foul (P3) (D.Guthrie),,,5,201566,Russell Westbrook,1610612760.0,Oklahoma City,Thunder,OKC,4,201937,Ricky Rubio,1610612750.0,Minnesota,Timberwolves,MIN,1,0,,,,,,1
0021600596,502,5,5,4,10:11 PM,1:19,,,Westbrook Foul Turnover (P10.T19),,,5,201566,Russell Westbrook,1610612760.0,Oklahoma City,Thunder,OKC,0,0,,,,,,1,0,,,,,,1
0021600596,503,6,2,4,10:11 PM,1:05,,,Adams S.FOUL (P4.PN) (S.Anderson),,,5,203500,Steven Adams,1610612760.0,Oklahoma City,Thunder,OKC,4,1626157,Karl-Anthony Towns,1610612750.0,Minnesota,Timberwolves,MIN,1,0,,,,,,1
0021600596,505,9,1,4,10:11 PM,1:05,,,Thunder Timeout: Regular (Reg.6 Short 1),,,3,1610612760,,,,,,0,0,,,,,,0,0,,,,,,0
0021600596,507,8,0,4,10:13 PM,1:05,,,SUB: Payne FOR Westbrook,,,5,201566,Russell Westbrook,1610612760.0,Oklahoma City,Thunder,OKC,5,1626166,Cameron Payne,1610612760.0,Oklahoma City,Thunder,OKC,0,0,,,,,,0
0021600596,508,8,0,4,10:13 PM,1:05,,,SUB: Sabonis FOR Adams,,,5,203500,Steven Adams,1610612760.0,Oklahoma City,Thunder,OKC,5,1627734,Domantas Sabonis,1610612760.0,Oklahoma City,Thunder,OKC,0,0,,,,,,0
0021600596,509,3,11,4,10:13 PM,1:05,Towns Free Throw 1 of 2 (28 PTS),,,83 - 95,12,4,1626157,Karl-Anthony Towns,1610612750.0,Minnesota,Timberwolves,MIN,0,0,,,,,,0,0,,,,,,1
0021600596,511,3,12,4,10:13 PM,1:05,Towns Free Throw 2 of 2 (29 PTS),,,83 - 96,13,4,1626157,Karl-Anthony Towns,1610612750.0,Minnesota,Timberwolves,MIN,0,0,,,,,,0,0,,,,,,1
0021600596,513,1,1,4,10:14 PM,0:52,,,Oladipo 25' 3PT Jump Shot (19 PTS) (Payne 2 AST),86 - 96,10,5,203506,Victor Oladipo,1610612760.0,Oklahoma City,Thunder,OKC,5,1626166,Cameron Payne,1610612760.0,Oklahoma City,Thunder,OKC,0,0,,,,,,1
0021600596,514,2,1,4,10:14 PM,0:34,MISS Rush  3PT Jump Shot,,,,,4,201575,Brandon Rush,1610612750.0,Minnesota,Timberwolves,MIN,0,0,,,,,,0,0,,,,,,1
0021600596,515,4,0,4,10:14 PM,0:31,Rush REBOUND (Off:3 Def:1),,,,,4,201575,Brandon Rush,1610612750.0,Minnesota,Timberwolves,MIN,0,0,,,,,,0,0,,,,,,1
0021600596,516,2,1,4,10:14 PM,0:28,MISS Muhammad 24' 3PT Jump Shot,,,,,4,203498,Shabazz Muhammad,1610612750.0,Minnesota,Timberwolves,MIN,0,0,,,,,,0,0,,,,,,1
0021600596,517,4,0,4,10:14 PM,0:26,Rubio REBOUND (Off:1 Def:3),,,,,4,201937,Ricky Rubio,1610612750.0,Minnesota,Timberwolves,MIN,0,0,,,,,,0,0,,,,,,1
0021600596,518,5,11,4,10:15 PM,0:02,TIMBERWOLVES Turnover: Shot Clock (T#16),,,,,2,1610612750,,,,,,0,0,,,,,,1,0,,,,,,0
0021600596,519,13,0,4,10:15 PM,0:00,,,,86 - 96,10,0,0,,,,,,0,0,,,,,,0,0,,,,,,1
