GAME_ID,EVENTNUM,EVENTMSGTYPE,EVENTMSGACTIONTYPE,PERIOD,WCTIMESTRING,PCTIMESTRING,HOMEDESCRIPTION,NEUTRALDESCRIPTION,VISITORDESCRIPTION,SCORE,SCOREMARGIN,PERSON1TYPE,PLAYER1_ID,PLAYER1_NAME,PLAYER1_TEAM_ID,PLAYER1_TEAM_CITY,PLAYER1_TEAM_NICKNAME,PLAYER1_TEAM_ABBREVIATION,PERSON2TYPE,PLAYER2_ID,PLAYER2_NAME,PLAYER2_TEAM_ID,PLAYER2_TEAM_CITY,PLAYER2_TEAM_NICKNAME,PLAYER2_TEAM_ABBREVIATION,PERSON3TYPE,PLAYER3_ID,PLAYER3_NAME,PLAYER3_TEAM_ID,PLAYER3_TEAM_CITY,PLAYER3_TEAM_NICKNAME,PLAYER3_TEAM_ABBREVIATION,VIDEO_AVAILABLE_FLAG
0021900837,2,12,0,1,7:41 PM,12:00,,Start of 1st Period (7:41 PM EST),,,,0,0,,,,,,0,0,,,,,,0,0,,,,,,0
0021900837,4,10,0,1,7:41 PM,12:00,Jump Ball Dedmon vs. Kleber: Tip to Curry,,,,,4,203473,Dewayne Dedmon,1610612737.0,Atlanta,Hawks,ATL,5,1628467,Maxi Kleber,1610612742.0,Dallas,Mavericks,DAL,5,203552,Seth Curry,1610612742.0,Dallas,Mavericks,DAL,1
0021900837,7,1,6,1,7:42 PM,11:50,,,Brunson 1' Driving Layup (2 PTS) (Hardaway Jr. 1 AST),2 - 0,-2,5,1628973,Jalen Brunson,1610612742.0,Dallas,Mavericks,DAL,5,203501,Tim Hardaway Jr.,1610612742.0,Dallas,Mavericks,DAL,0,0,,,,,,1
0021900837,9,6,2,1,7:42 PM,11:50,Dedmon S.FOUL (P1.T1) (D.Collins),,,,,4,203473,Dewayne Dedmon,1610612737.0,Atlanta,Hawks,ATL,5,1628973,Jalen Brunson,1610612742.0,Dallas,Mavericks,DAL,1,0,,,,,,1
0021900837,11,3,10,1,7:43 PM,11:50,,,MISS Brunson Free Throw 1 of 1,,,5,1628973,Jalen Brunson,1610612742.0,Dallas,Mavericks,DAL,0,0,,,,,,0,0,,,,,,1
0021900837,12,4,0,1,7:43 PM,11:48,Collins REBOUND (Off:0 Def:1),,,,,4,1628381,John Collins,1610612737.0,Atlanta,Hawks,ATL,0,0,,,,,,0,0,,,,,,1
0021900837,13,6,28,1,7:43 PM,11:48,,,Brunson Personal Take Foul (P1.T1) (M.Myers),,,5,1628973,Jalen Brunson,1610612742.0,Dallas,Mavericks,DAL,4,1628381,John Collins,1610612737.0,Atlanta,Hawks,ATL,1,0,,,,,,1
0021900837,15,8,0,1,7:43 PM,11:48,,,SUB: Wright FOR Brunson,,,5,1628973,Jalen Brunson,1610612742.0,Dallas,Mavericks,DAL,5,1626153,Delon Wright,1610612742.0,Dallas,Mavericks,DAL,0,0,,,,,,0
0021900837,17,5,45,1,7:43 PM,11:37,Huerter Out of Bounds - Bad Pass Turnover Turnover (P1.T1),,,,,4,1628989,Kevin Huerter,1610612737.0,Atlanta,Hawks,ATL,0,0,,,,,,1,0,,,,,,1
0021900837,18,1,79,1,7:43 PM,11:29,,,Hardaway Jr. 13' Pullup Jump Shot (2 PTS) (Kleber 1 AST),4 - 0,-4,5,203501,Tim Hardaway Jr.,1610612742.0,Dallas,Mavericks,DAL,5,1628467,Maxi Kleber,1610612742.0,Dallas,Mavericks,DAL,0,0,,,,,,1
0021900837,20,1,1,1,7:43 PM,11:18,Collins 27' 3PT Jump Shot (3 PTS) (Young 1 AST),,,4 - 3,-1,4,1628381,John Collins,1610612737.0,Atlanta,Hawks,ATL,4,1629027,Trae Young,1610612737.0,Atlanta,Hawks,ATL,0,0,,,,,,1
0021900837,22,2,1,1,7:44 PM,11:03,,,MISS Hardaway Jr. 25' 3PT Jump Shot,,,5,203501,Tim Hardaway Jr.,1610612742.0,Dallas,Mavericks,DAL,0,0,,,,,,0,0,,,,,,1
0021900837,23,4,0,1,7:44 PM,11:00,Young REBOUND (Off:0 Def:1),,,,,4,1629027,Trae Young,1610612737.0,Atlanta,Hawks,ATL,0,0,,,,,,0,0,,,,,,1
0021900837,24,2,78,1,7:44 PM,10:51,MISS Collins 9' Floating Jump Shot,,,,,4,1628381,John Collins,1610612737.0,Atlanta,Hawks,ATL,0,0,,,,,,0,0,,,,,,1
0021900837,25,4,0,1,7:44 PM,10:48,,,Kleber REBOUND (Off:0 Def:1),,,5,1628467,Maxi Kleber,1610612742.0,Dallas,Mavericks,DAL,0,0,,,,,,0,0,,,,,,1
0021900837,26,2,79,1,7:44 PM,10:44,,,MISS Finney-Smith 26' 3PT Pullup Jump Shot,,,5,1627827,Dorian Finney-Smith,1610612742.0,Dallas,Mavericks,DAL,0,0,,,,,,0,0,,,,,,1
0021900837,27,4,0,1,7:44 PM,10:41,Collins REBOUND (Off:0 Def:2),,,,,4,1628381,John Collins,1610612737.0,Atlanta,Hawks,ATL,0,0,,,,,,0,0,,,,,,1
0021900837,28,2,79,1,7:44 PM,10:35,MISS Young 26' 3PT Pullup Jump Shot,,,,,4,1629027,Trae Young,1610612737.0,Atlanta,Hawks,ATL,0,0,,,,,,0,0,,,,,,1
0021900837,29,4,0,1,7:44 PM,10:32,,,Finney-Smith REBOUND (Off:0 Def:1),,,5,1627827,Dorian Finney-Smith,1610612742.0,Dallas,Mavericks,DAL,0,0,,,,,,0,0,,,,,,1
0021900837,30,1,1,1,7:44 PM,10:27,,,Hardaway Jr. 25' 3PT Jump Shot (5 PTS) (Wright 1 AST),7 - 3,-4,5,203501,Tim Hardaway Jr.,1610612742.0,Dallas,Mavericks,DAL,5,1626153,Delon Wright,1610612742.0,Dallas,Mavericks,DAL,0,0,,,,,,1
0021900837,32,1,98,1,7:45 PM,10:07,Collins 1' Cutting Layup Shot (5 PTS) (Dedmon 1 AST),,,7 - 5,-2,4,1628381,John Collins,1610612737.0,Atlanta,Hawks,ATL,4,203473,Dewayne Dedmon,1610612737.0,Atlanta,Hawks,ATL,0,0,,,,,,1
0021900837,34,1,1,1,7:45 PM,9:45,,,Wright 26' 3PT Jump Shot (3 PTS) (Curry 1 AST),10 - 5,-5,5,1626153,Delon Wright,1610612742.0,Dallas,Mavericks,DAL,5,203552,Seth Curry,1610612742.0,Dallas,Mavericks,DAL,0,0,,,,,,1
0021900837,36,6,26,1,7:45 PM,9:32,Young Offensive Charge Foul (P1.T2) (D.Collins),,,,,4,1629027,Trae Young,1610612737.0,Atlanta,Hawks,ATL,5,203501,Tim Hardaway Jr.,1610612742.0,Dallas,Mavericks,DAL,1,0,,,,,,1
0021900837,38,5,37,1,7:45 PM,9:32,Young Offensive Foul Turnover (P1.T2),,,,,4,1629027,Trae Young,1610612737.0,Atlanta,Hawks,ATL,0,0,,,,,,1,0,,,,,,1
0021900837,39,2,73,1,7:46 PM,9:22,,,MISS Wright 2' Driving Reverse Layup,,,5,1626153,Delon Wright,1610612742.0,Dallas,Mavericks,DAL,0,0,,,,,,0,0,,,,,,1
0021900837,40,4,0,1,7:46 PM,9:20,Collins REBOUND (Off:0 Def:3),,,,,4,1628381,John Collins,1610612737.0,Atlanta,Hawks,ATL,0,0,,,,,,0,0,,,,,,1
0021900837,41,2,5,1,7:46 PM,9:14,MISS Dedmon 2' Layup,,,,,4,203473,Dewayne Dedmon,1610612737.0,Atlanta,Hawks,ATL,0,0,,,,,,0,0,,,,,,1
0021900837,42,4,0,1,7:46 PM,9:12,,,Curry REBOUND (Off:0 Def:1),,,5,203552,Seth Curry,1610612742.0,Dallas,Mavericks,DAL,0,0,,,,,,0,0,,,,,,1
0021900837,43,1,1,1,7:46 PM,9:08,,,Hardaway Jr. 25' 3PT Jump Shot (8 PTS) (Curry 2 AST),13 - 5,-8,5,203501,Tim Hardaway Jr.,1610612742.0,Dallas,Mavericks,DAL,5,203552,Seth Curry,1610612742.0,Dallas,Mavericks,DAL,0,0,,,,,,1
0021900837,45,9,1,1,7:46 PM,9:06,HAWKS Timeout: Regular (Full 1 Short 0),,,,,2,1610612737,,,,,,0,0,,,,,,0,0,,,,,,0
0021900837,46,8,0,1,7:49 PM,9:06,SUB: Graham FOR Dedmon,,,,,4,203473,Dewayne Dedmon,1610612737.0,Atlanta,Hawks,ATL,4,1626203,Treveon Graham,1610612737.0,Atlanta,Hawks,ATL,0,0,,,,,,0
0021900837,48,2,6,1,7:50 PM,8:45,MISS Collins 2' Driving Layup,,Kleber BLOCK (1 BLK),,,4,1628381,John Collins,1610612737.0,Atlanta,Hawks,ATL,0,0,,,,,,5,1628467,Maxi Kleber,1610612742.0,Dallas,Mavericks,DAL,1
0021900837,50,4,0,1,7:50 PM,8:42,,,Kleber REBOUND (Off:0 Def:2),,,5,1628467,Maxi Kleber,1610612742.0,Dallas,Mavericks,DAL,0,0,,,,,,0,0,,,,,,1
0021900837,51,1,79,1,7:50 PM,8:40,,,Curry 27' 3PT Pullup Jump Shot (3 PTS),16 - 5,-11,5,203552,Seth Curry,1610612742.0,Dallas,Mavericks,DAL,0,0,,,,,,0,0,,,,,,1
0021900837,52,1,6,1,7:50 PM,8:26,Young 1' Driving Layup (2 PTS),,,16 - 7,-9,4,1629027,Trae Young,1610612737.0,Atlanta,Hawks,ATL,0,0,,,,,,0,0,,,,,,1
0021900837,53,5,4,1,7:50 PM,8:17,,,Finney-Smith Traveling Turnover (P1.T1),,,5,1627827,Dorian Finney-Smith,1610612742.0,Dallas,Mavericks,DAL,0,0,,,,,,1,0,,,,,,1
0021900837,54,6,2,1,7:50 PM,8:06,,,Kleber S.FOUL (P1.T2) (D.Collins),,,5,1628467,Maxi Kleber,1610612742.0,Dallas,Mavericks,DAL,4,1629629,Cam Reddish,1610612737.0,Atlanta,Hawks,ATL,1,0,,,,,,1
0021900837,56,3,11,1,7:51 PM,8:06,Reddish Free Throw 1 of 2 (1 PTS),,,16 - 8,-8,4,1629629,Cam Reddish,1610612737.0,Atlanta,Hawks,ATL,0,0,,,,,,0,0,,,,,,1
0021900837,57,8,0,1,7:51 PM,8:06,,,SUB: Kidd-Gilchrist FOR Kleber,,,5,1628467,Maxi Kleber,1610612742.0,Dallas,Mavericks,DAL,5,203077,Michael Kidd-Gilchrist,1610612742.0,Dallas,Mavericks,DAL,0,0,,,,,,0
0021900837,59,3,12,1,7:51 PM,8:06,Reddish Free Throw 2 of 2 (2 PTS),,,16 - 9,-7,4,1629629,Cam Reddish,1610612737.0,Atlanta,Hawks,ATL,0,0,,,,,,0,0,,,,,,1
0021900837,60,2,79,1,7:51 PM,7:50,,,MISS Curry 26' 3PT Pullup Jump Shot,,,5,203552,Seth Curry,1610612742.0,Dallas,Mavericks,DAL,0,0,,,,,,0,0,,,,,,1
0021900837,61,4,0,1,7:52 PM,7:44,Collins REBOUND (Off:0 Def:4),,,,,4,1628381,John Collins,1610612737.0,Atlanta,Hawks,ATL,0,0,,,,,,0,0,,,,,,1
0021900837,62,2,1,1,7:52 PM,7:37,MISS Huerter 29' 3PT Jump Shot,,,,,4,1628989,Kevin Huerter,1610612737.0,Atlanta,Hawks,ATL,0,0,,,,,,0,0,,,,,,1
0021900837,63,4,0,1,7:52 PM,7:34,,,Wright REBOUND (Off:0 Def:1),,,5,1626153,Delon Wright,1610612742.0,Dallas,Mavericks,DAL,0,0,,,,,,0,0,,,,,,1
0021900837,64,2,1,1,7:52 PM,7:29,,,MISS Hardaway Jr. 29' 3PT Jump Shot,,,5,203501,Tim Hardaway Jr.,1610612742.0,Dallas,Mavericks,DAL,0,0,,,,,,0,0,,,,,,1
0021900837,65,4,0,1,7:52 PM,7:25,Young REBOUND (Off:0 Def:2),,,,,4,1629027,Trae Young,1610612737.0,Atlanta,Hawks,ATL,0,0,,,,,,0,0,,,,,,1
0021900837,66,6,1,1,7:52 PM,7:19,,,Kidd-Gilchrist P.FOUL (P1.T3) (R.Mott),,,5,203077,Michael Kidd-Gilchrist,1610612742.0,Dallas,Mavericks,DAL,4,1629027,Trae Young,1610612737.0,Atlanta,Hawks,ATL,1,0,,,,,,1
0021900837,68,2,1,1,7:52 PM,7:13,MISS Huerter 27' 3PT Jump Shot,,,,,4,1628989,Kevin Huerter,1610612737.0,Atlanta,Hawks,ATL,0,0,,,,,,0,0,,,,,,1
0021900837,69,4,0,1,7:52 PM,7:11,,,Wright REBOUND (Off:0 Def:2),,,5,1626153,Delon Wright,1610612742.0,Dallas,Mavericks,DAL,0,0,,,,,,0,0,,,,,,1
0021900837,70,2,1,1,7:52 PM,7:07,,,MISS Finney-Smith 25' 3PT Jump Shot,,,5,1627827,Dorian Finney-Smith,1610612742.0,Dallas,Mavericks,DAL,0,0,,,,,,0,0,,,,,,1
0021900837,71,4,0,1,7:53 PM,7:02,Collins REBOUND (Off:0 Def:5),,,,,4,1628381,John Collins,1610612737.0,Atlanta,Hawks,ATL,0,0,,,,,,0,0,,,,,,1
0021900837,72,2,1,1,7:53 PM,6:53,MISS Graham 3PT Jump Shot,,,,,4,1626203,Treveon Graham,1610612737.0,Atlanta,Hawks,ATL,0,0,,,,,,0,0,,,,,,1
0021900837,73,4,0,1,7:53 PM,6:50,HAWKS Rebound,,,,,2,1610612737,,,,,,0,0,,,,,,0,0,,,,,,0
0021900837,76,5,1,1,7:53 PM,6:42,Young Bad Pass Turnover (P2.T3),,Wright STEAL (1 STL),,,4,1629027,Trae Young,1610612737.0,Atlanta,Hawks,ATL,5,1626153,Delon Wright,1610612742.0,Dallas,Mavericks,DAL,0,0,,,,,,1
0021900837,78,5,2,1,7:54 PM,6:38,Graham STEAL (1 STL),,Finney-Smith Lost Ball Turnover (P2.T2),,,5,1627827,Dorian Finney-Smith,1610612742.0,Dallas,Mavericks,DAL,4,1626203,Treveon Graham,1610612737.0,Atlanta,Hawks,ATL,0,0,,,,,,1
0021900837,80,2,6,1,7:54 PM,6:34,MISS Collins 7' Driving Layup,,,,,4,1628381,John Collins,1610612737.0,Atlanta,Hawks,ATL,0,0,,,,,,0,0,,,,,,1
0021900837,81,4,0,1,7:54 PM,6:31,Collins REBOUND (Off:1 Def:5),,,,,4,1628381,John Collins,1610612737.0,Atlanta,Hawks,ATL,0,0,,,,,,0,0,,,,,,1
0021900837,82,2,72,1,7:54 PM,6:31,MISS Collins 2' Putback Layup,,,,,4,1628381,John Collins,1610612737.0,Atlanta,Hawks,ATL,0,0,,,,,,0,0,,,,,,1
0021900837,83,4,0,1,7:54 PM,6:28,Graham REBOUND (Off:1 Def:0),,,,,4,1626203,Treveon Graham,1610612737.0,Atlanta,Hawks,ATL,0,0,,,,,,0,0,,,,,,1
0021900837,84,1,97,1,7:54 PM,6:28,Graham 1' Tip Layup Shot (2 PTS),,,16 - 11,-5,4,1626203,Treveon Graham,1610612737.0,Atlanta,Hawks,ATL,0,0,,,,,,0,0,,,,,,1
0021900837,85,1,73,1,7:54 PM,6:20,,,Wright 1' Driving Reverse Layup (5 PTS),18 - 11,-7,5,1626153,Delon Wright,1610612742.0,Dallas,Mavericks,DAL,0,0,,,,,,0,0,,,,,,1
0021900837,86,1,108,1,7:54 PM,6:05,Collins 1' Cutting Dunk Shot (7 PTS) (Huerter 1 AST),,,18 - 13,-5,4,1628381,John Collins,1610612737.0,Atlanta,Hawks,ATL,4,1628989,Kevin Huerter,1610612737.0,Atlanta,Hawks,ATL,0,0,,,,,,1
0021900837,89,8,0,1,7:54 PM,6:01,SUB: Dedmon FOR Collins,,,,,4,1628381,John Collins,1610612737.0,Atlanta,Hawks,ATL,4,203473,Dewayne Dedmon,1610612737.0,Atlanta,Hawks,ATL,0,0,,,,,,0
0021900837,90,8,0,1,7:54 PM,6:01,,,SUB: Lee FOR Finney-Smith,,,5,1627827,Dorian Finney-Smith,1610612742.0,Dallas,Mavericks,DAL,5,201584,Courtney Lee,1610612742.0,Dallas,Mavericks,DAL,0,0,,,,,,0
0021900837,91,8,0,1,7:54 PM,6:01,,,SUB: Kleber FOR Hardaway Jr.,,,5,203501,Tim Hardaway Jr.,1610612742.0,Dallas,Mavericks,DAL,5,1628467,Maxi Kleber,1610612742.0,Dallas,Mavericks,DAL,0,0,,,,,,0
0021900837,95,2,57,1,7:55 PM,5:52,,,MISS Kidd-Gilchrist 7' Driving Hook Shot,,,5,203077,Michael Kidd-Gilchrist,1610612742.0,Dallas,Mavericks,DAL,0,0,,,,,,0,0,,,,,,1
0021900837,96,4,0,1,7:55 PM,5:50,Dedmon REBOUND (Off:0 Def:1),,,,,4,203473,Dewayne Dedmon,1610612737.0,Atlanta,Hawks,ATL,0,0,,,,,,0,0,,,,,,1
0021900837,97,6,2,1,7:55 PM,5:46,,,Curry S.FOUL (P1.T4) (D.Collins),,,5,203552,Seth Curry,1610612742.0,Dallas,Mavericks,DAL,4,1629027,Trae Young,1610612737.0,Atlanta,Hawks,ATL,1,0,,,,,,1
0021900837,99,3,11,1,7:55 PM,5:46,Young Free Throw 1 of 2 (3 PTS),,,18 - 14,-4,4,1629027,Trae Young,1610612737.0,Atlanta,Hawks,ATL,0,0,,,,,,0,0,,,,,,1
0021900837,100,8,0,1,7:55 PM,5:46,SUB: Teague FOR Graham,,,,,4,1626203,Treveon Graham,1610612737.0,Atlanta,Hawks,ATL,4,201952,Jeff Teague,1610612737.0,Atlanta,Hawks,ATL,0,0,,,,,,0
0021900837,102,3,12,1,7:55 PM,5:46,Young Free Throw 2 of 2 (4 PTS),,,18 - 15,-3,4,1629027,Trae Young,1610612737.0,Atlanta,Hawks,ATL,0,0,,,,,,0,0,,,,,,1
0021900837,103,2,6,1,7:56 PM,5:33,Dedmon BLOCK (1 BLK),,MISS Kleber 2' Driving Layup,,,5,1628467,Maxi Kleber,1610612742.0,Dallas,Mavericks,DAL,0,0,,,,,,4,203473,Dewayne Dedmon,1610612737.0,Atlanta,Hawks,ATL,1
0021900837,105,4,0,1,7:56 PM,5:30,,,Kleber REBOUND (Off:1 Def:2),,,5,1628467,Maxi Kleber,1610612742.0,Dallas,Mavericks,DAL,0,0,,,,,,0,0,,,,,,1
0021900837,106,2,72,1,7:56 PM,5:29,,,MISS Kleber 2' Putback Layup,,,5,1628467,Maxi Kleber,1610612742.0,Dallas,Mavericks,DAL,0,0,,,,,,0,0,,,,,,1
0021900837,107,4,0,1,7:56 PM,5:28,Reddish REBOUND (Off:0 Def:1),,,,,4,1629629,Cam Reddish,1610612737.0,Atlanta,Hawks,ATL,0,0,,,,,,0,0,,,,,,1
0021900837,109,8,0,1,7:56 PM,5:21,,,SUB: Jackson FOR Kidd-Gilchrist,,,5,203077,Michael Kidd-Gilchrist,1610612742.0,Dallas,Mavericks,DAL,5,1628382,Justin Jackson,1610612742.0,Dallas,Mavericks,DAL,0,0,,,,,,0
0021900837,111,2,1,1,7:57 PM,5:19,MISS Huerter 3PT Jump Shot,,,,,4,1628989,Kevin Huerter,1610612737.0,Atlanta,Hawks,ATL,0,0,,,,,,0,0,,,,,,1
0021900837,112,4,0,1,7:57 PM,5:16,,,Lee REBOUND (Off:0 Def:1),,,5,201584,Courtney Lee,1610612742.0,Dallas,Mavericks,DAL,0,0,,,,,,0,0,,,,,,1
0021900837,113,1,6,1,7:57 PM,5:09,,,Curry 5' Driving Layup (5 PTS),20 - 15,-5,5,203552,Seth Curry,1610612742.0,Dallas,Mavericks,DAL,0,0,,,,,,0,0,,,,,,1
0021900837,114,2,75,1,7:57 PM,4:56,MISS Young 2' Driving Finger Roll Layup,,Lee BLOCK (1 BLK),,,4,1629027,Trae Young,1610612737.0,Atlanta,Hawks,ATL,0,0,,,,,,5,201584,Courtney Lee,1610612742.0,Dallas,Mavericks,DAL,1
0021900837,116,4,0,1,7:57 PM,4:54,,,Kleber REBOUND (Off:1 Def:3),,,5,1628467,Maxi Kleber,1610612742.0,Dallas,Mavericks,DAL,0,0,,,,,,0,0,,,,,,1
0021900837,117,1,1,1,7:57 PM,4:49,,,Curry 28' 3PT Jump Shot (8 PTS),23 - 15,-8,5,203552,Seth Curry,1610612742.0,Dallas,Mavericks,DAL,0,0,,,,,,0,0,,,,,,1
0021900837,118,9,1,1,7:57 PM,4:47,HAWKS Timeout: Regular (Full 2 Short 0),,,,,2,1610612737,,,,,,0,0,,,,,,0,0,,,,,,0
0021900837,119,8,0,1,7:59 PM,4:47,SUB: Carter FOR Young,,,,,4,1629027,Trae Young,1610612737.0,Atlanta,Hawks,ATL,4,1713,Vince Carter,1610612737.0,Atlanta,Hawks,ATL,0,0,,,,,,0
0021900837,121,8,0,1,7:59 PM,4:47,,,SUB: Marjanovic FOR Kleber,,,5,1628467,Maxi Kleber,1610612742.0,Dallas,Mavericks,DAL,5,1626246,Boban Marjanovic,1610612742.0,Dallas,Mavericks,DAL,0,0,,,,,,0
0021900837,122,8,0,1,7:59 PM,4:47,,,SUB: Barea FOR Wright,,,5,1626153,Delon Wright,1610612742.0,Dallas,Mavericks,DAL,5,200826,J.J. Barea,1610612742.0,Dallas,Mavericks,DAL,0,0,,,,,,0
0021900837,125,1,6,1,8:00 PM,4:36,Reddish 3' Driving Layup (4 PTS) (Dedmon 2 AST),,,23 - 17,-6,4,1629629,Cam Reddish,1610612737.0,Atlanta,Hawks,ATL,4,203473,Dewayne Dedmon,1610612737.0,Atlanta,Hawks,ATL,0,0,,,,,,1
0021900837,127,2,78,1,8:01 PM,4:25,,,MISS Curry 10' Floating Jump Shot,,,5,203552,Seth Curry,1610612742.0,Dallas,Mavericks,DAL,0,0,,,,,,0,0,,,,,,1
0021900837,128,4,0,1,8:01 PM,4:22,Dedmon REBOUND (Off:0 Def:2),,,,,4,203473,Dewayne Dedmon,1610612737.0,Atlanta,Hawks,ATL,0,0,,,,,,0,0,,,,,,1
0021900837,129,2,6,1,8:01 PM,4:10,MISS Huerter 1' Driving Layup,,Marjanovic BLOCK (1 BLK),,,4,1628989,Kevin Huerter,1610612737.0,Atlanta,Hawks,ATL,0,0,,,,,,5,1626246,Boban Marjanovic,1610612742.0,Dallas,Mavericks,DAL,1
0021900837,131,4,0,1,8:01 PM,4:08,,,Barea REBOUND (Off:0 Def:1),,,5,200826,J.J. Barea,1610612742.0,Dallas,Mavericks,DAL,0,0,,,,,,0,0,,,,,,1
0021900837,132,1,6,1,8:01 PM,4:03,,,Curry 2' Driving Layup (10 PTS) (Barea 1 AST),25 - 17,-8,5,203552,Seth Curry,1610612742.0,Dallas,Mavericks,DAL,5,200826,J.J. Barea,1610612742.0,Dallas,Mavericks,DAL,0,0,,,,,,1
0021900837,134,6,2,1,8:01 PM,4:03,Teague S.FOUL (P1.T3) (D.Collins),,,,,4,201952,Jeff Teague,1610612737.0,Atlanta,Hawks,ATL,5,203552,Seth Curry,1610612742.0,Dallas,Mavericks,DAL,1,0,,,,,,1
0021900837,136,3,10,1,8:01 PM,4:03,,,Curry Free Throw 1 of 1 (11 PTS),26 - 17,-9,5,203552,Seth Curry,1610612742.0,Dallas,Mavericks,DAL,0,0,,,,,,0,0,,,,,,1
0021900837,137,2,1,1,8:02 PM,3:55,MISS Teague 26' 3PT Jump Shot,,,,,4,201952,Jeff Teague,1610612737.0,Atlanta,Hawks,ATL,0,0,,,,,,0,0,,,,,,1
0021900837,138,4,0,1,8:02 PM,3:51,,,Barea REBOUND (Off:0 Def:2),,,5,200826,J.J. Barea,1610612742.0,Dallas,Mavericks,DAL,0,0,,,,,,0,0,,,,,,1
0021900837,139,6,1,1,8:02 PM,3:40,Teague P.FOUL (P2.T4) (D.Collins),,,,,4,201952,Jeff Teague,1610612737.0,Atlanta,Hawks,ATL,5,1628382,Justin Jackson,1610612742.0,Dallas,Mavericks,DAL,1,0,,,,,,1
0021900837,141,8,0,1,8:02 PM,3:40,SUB: Goodwin FOR Teague,,,,,4,201952,Jeff Teague,1610612737.0,Atlanta,Hawks,ATL,4,1629164,Brandon Goodwin,1610612737.0,Atlanta,Hawks,ATL,0,0,,,,,,0
0021900837,143,2,6,1,8:02 PM,3:31,,,MISS Curry 3' Driving Layup,,,5,203552,Seth Curry,1610612742.0,Dallas,Mavericks,DAL,0,0,,,,,,0,0,,,,,,1
0021900837,144,4,0,1,8:03 PM,3:27,,,Marjanovic REBOUND (Off:1 Def:0),,,5,1626246,Boban Marjanovic,1610612742.0,Dallas,Mavericks,DAL,0,0,,,,,,0,0,,,,,,1
0021900837,145,1,87,1,8:03 PM,3:27,,,Marjanovic 1' Putback Dunk (2 PTS),28 - 17,-11,5,1626246,Boban Marjanovic,1610612742.0,Dallas,Mavericks,DAL,0,0,,,,,,0,0,,,,,,1
0021900837,146,6,2,1,8:03 PM,3:19,,,Marjanovic S.FOUL (P1.PN) (D.Collins),,,5,1626246,Boban Marjanovic,1610612742.0,Dallas,Mavericks,DAL,4,1629629,Cam Reddish,1610612737.0,Atlanta,Hawks,ATL,1,0,,,,,,1
0021900837,148,3,11,1,8:03 PM,3:19,Reddish Free Throw 1 of 2 (5 PTS),,,28 - 18,-10,4,1629629,Cam Reddish,1610612737.0,Atlanta,Hawks,ATL,0,0,,,,,,0,0,,,,,,1
0021900837,149,3,12,1,8:03 PM,3:19,Reddish Free Throw 2 of 2 (6 PTS),,,28 - 19,-9,4,1629629,Cam Reddish,1610612737.0,Atlanta,Hawks,ATL,0,0,,,,,,0,0,,,,,,1
0021900837,150,1,101,1,8:04 PM,3:09,,,Barea 8' Driving Floating Jump Shot (2 PTS),30 - 19,-11,5,200826,J.J. Barea,1610612742.0,Dallas,Mavericks,DAL,0,0,,,,,,0,0,,,,,,1
0021900837,151,2,47,1,8:04 PM,2:49,MISS Dedmon 12' Turnaround Jump Shot,,,,,4,203473,Dewayne Dedmon,1610612737.0,Atlanta,Hawks,ATL,0,0,,,,,,0,0,,,,,,1
0021900837,152,4,0,1,8:04 PM,2:46,,,Marjanovic REBOUND (Off:1 Def:1),,,5,1626246,Boban Marjanovic,1610612742.0,Dallas,Mavericks,DAL,0,0,,,,,,0,0,,,,,,1
0021900837,153,2,47,1,8:04 PM,2:34,,,MISS Marjanovic 11' Turnaround Jump Shot,,,5,1626246,Boban Marjanovic,1610612742.0,Dallas,Mavericks,DAL,0,0,,,,,,0,0,,,,,,1
0021900837,154,4,0,1,8:04 PM,2:32,Huerter REBOUND (Off:0 Def:1),,,,,4,1628989,Kevin Huerter,1610612737.0,Atlanta,Hawks,ATL,0,0,,,,,,0,0,,,,,,1
0021900837,155,2,101,1,8:04 PM,2:25,MISS Huerter 12' Driving Floating Jump Shot,,,,,4,1628989,Kevin Huerter,1610612737.0,Atlanta,Hawks,ATL,0,0,,,,,,0,0,,,,,,1
0021900837,156,4,0,1,8:04 PM,2:21,,,Barea REBOUND (Off:0 Def:3),,,5,200826,J.J. Barea,1610612742.0,Dallas,Mavericks,DAL,0,0,,,,,,0,0,,,,,,1
0021900837,157,2,79,1,8:04 PM,2:16,,,MISS Barea 10' Pullup Jump Shot,,,5,200826,J.J. Barea,1610612742.0,Dallas,Mavericks,DAL,0,0,,,,,,0,0,,,,,,1
0021900837,158,4,0,1,8:04 PM,2:14,Dedmon REBOUND (Off:0 Def:3),,,,,4,203473,Dewayne Dedmon,1610612737.0,Atlanta,Hawks,ATL,0,0,,,,,,0,0,,,,,,1
0021900837,159,2,1,1,8:05 PM,2:01,MISS Goodwin 24' 3PT Jump Shot,,,,,4,1629164,Brandon Goodwin,1610612737.0,Atlanta,Hawks,ATL,0,0,,,,,,0,0,,,,,,1
0021900837,160,4,0,1,8:05 PM,1:59,,,Jackson REBOUND (Off:0 Def:1),,,5,1628382,Justin Jackson,1610612742.0,Dallas,Mavericks,DAL,0,0,,,,,,0,0,,,,,,1
0021900837,161,2,1,1,8:05 PM,1:37,,,MISS Jackson 26' 3PT Jump Shot,,,5,1628382,Justin Jackson,1610612742.0,Dallas,Mavericks,DAL,0,0,,,,,,0,0,,,,,,1
0021900837,162,4,0,1,8:05 PM,1:33,Dedmon REBOUND (Off:0 Def:4),,,,,4,203473,Dewayne Dedmon,1610612737.0,Atlanta,Hawks,ATL,0,0,,,,,,0,0,,,,,,1
0021900837,163,2,79,1,8:05 PM,1:27,MISS Dedmon 25' 3PT Pullup Jump Shot,,,,,4,203473,Dewayne Dedmon,1610612737.0,Atlanta,Hawks,ATL,0,0,,,,,,0,0,,,,,,1
0021900837,164,4,0,1,8:05 PM,1:24,,,Jackson REBOUND (Off:0 Def:2),,,5,1628382,Justin Jackson,1610612742.0,Dallas,Mavericks,DAL,0,0,,,,,,0,0,,,,,,1
0021900837,165,5,1,1,8:06 PM,1:12,Huerter STEAL (1 STL),,Barea Bad Pass Turnover (P1.T3),,,5,200826,J.J. Barea,1610612742.0,Dallas,Mavericks,DAL,4,1628989,Kevin Huerter,1610612737.0,Atlanta,Hawks,ATL,0,0,,,,,,1
0021900837,167,1,99,1,8:06 PM,1:08,Goodwin 1' Cutting Finger Roll Layup Shot (2 PTS) (Huerter 2 AST),,,30 - 21,-9,4,1629164,Brandon Goodwin,1610612737.0,Atlanta,Hawks,ATL,4,1628989,Kevin Huerter,1610612737.0,Atlanta,Hawks,ATL,0,0,,,,,,1
0021900837,169,9,1,1,8:06 PM,1:06,,,Mavericks Timeout: Regular (Reg.1 Short 0),,,3,1610612742,,,,,,0,0,,,,,,0,0,,,,,,0
0021900837,170,8,0,1,8:07 PM,1:06,SUB: Young FOR Huerter,,,,,4,1628989,Kevin Huerter,1610612737.0,Atlanta,Hawks,ATL,4,1629027,Trae Young,1610612737.0,Atlanta,Hawks,ATL,0,0,,,,,,0
0021900837,171,8,0,1,8:07 PM,1:06,SUB: Graham FOR Dedmon,,,,,4,203473,Dewayne Dedmon,1610612737.0,Atlanta,Hawks,ATL,4,1626203,Treveon Graham,1610612737.0,Atlanta,Hawks,ATL,0,0,,,,,,0
0021900837,172,8,0,1,8:07 PM,1:06,SUB: Fernando FOR Reddish,,,,,4,1629629,Cam Reddish,1610612737.0,Atlanta,Hawks,ATL,4,1628981,Bruno Fernando,1610612737.0,Atlanta,Hawks,ATL,0,0,,,,,,0
0021900837,173,8,0,1,8:07 PM,1:06,,,SUB: Hardaway Jr. FOR Curry,,,5,203552,Seth Curry,1610612742.0,Dallas,Mavericks,DAL,5,203501,Tim Hardaway Jr.,1610612742.0,Dallas,Mavericks,DAL,0,0,,,,,,0
0021900837,174,8,0,1,8:07 PM,1:06,,,SUB: Kleber FOR Marjanovic,,,5,1626246,Boban Marjanovic,1610612742.0,Dallas,Mavericks,DAL,5,1628467,Maxi Kleber,1610612742.0,Dallas,Mavericks,DAL,0,0,,,,,,0
0021900837,180,1,79,1,8:07 PM,0:53,,,Hardaway Jr. 10' Pullup Jump Shot (10 PTS),32 - 21,-11,5,203501,Tim Hardaway Jr.,1610612742.0,Dallas,Mavericks,DAL,0,0,,,,,,0,0,,,,,,1
0021900837,181,6,2,1,8:08 PM,0:53,Goodwin S.FOUL (P1.PN) (D.Collins),,,,,4,1629164,Brandon Goodwin,1610612737.0,Atlanta,Hawks,ATL,5,203501,Tim Hardaway Jr.,1610612742.0,Dallas,Mavericks,DAL,1,0,,,,,,1
0021900837,183,3,10,1,8:08 PM,0:53,,,Hardaway Jr. Free Throw 1 of 1 (11 PTS),33 - 21,-12,5,203501,Tim Hardaway Jr.,1610612742.0,Dallas,Mavericks,DAL,0,0,,,,,,0,0,,,,,,1
0021900837,184,2,6,1,8:08 PM,0:40,MISS Young 1' Driving Layup,,Kleber BLOCK (2 BLK),,,4,1629027,Trae Young,1610612737.0,Atlanta,Hawks,ATL,0,0,,,,,,5,1628467,Maxi Kleber,1610612742.0,Dallas,Mavericks,DAL,1
0021900837,186,4,0,1,8:08 PM,0:39,HAWKS Rebound,,,,,2,1610612737,,,,,,0,0,,,,,,0,0,,,,,,0
0021900837,188,2,5,1,8:08 PM,0:37,MISS Graham 1' Layup,,,,,4,1626203,Treveon Graham,1610612737.0,Atlanta,Hawks,ATL,0,0,,,,,,0,0,,,,,,1
0021900837,189,4,0,1,8:08 PM,0:32,Graham REBOUND (Off:2 Def:0),,,,,4,1626203,Treveon Graham,1610612737.0,Atlanta,Hawks,ATL,0,0,,,,,,0,0,,,,,,1
0021900837,190,2,1,1,8:09 PM,0:30,MISS Goodwin 25' 3PT Jump Shot,,,,,4,1629164,Brandon Goodwin,1610612737.0,Atlanta,Hawks,ATL,0,0,,,,,,0,0,,,,,,1
0021900837,191,4,0,1,8:09 PM,0:26,,,Barea REBOUND (Off:0 Def:4),,,5,200826,J.J. Barea,1610612742.0,Dallas,Mavericks,DAL,0,0,,,,,,0,0,,,,,,1
0021900837,192,1,79,1,8:09 PM,0:08,,,Barea 11' Pullup Jump Shot (4 PTS),35 - 21,-14,5,200826,J.J. Barea,1610612742.0,Dallas,Mavericks,DAL,0,0,,,,,,0,0,,,,,,1
0021900837,193,2,1,1,8:09 PM,0:00,MISS Graham 3PT Jump Shot,,,,,4,1626203,Treveon Graham,1610612737.0,Atlanta,Hawks,ATL,0,0,,,,,,0,0,,,,,,1
0021900837,194,4,0,1,8:09 PM,0:00,HAWKS Rebound,,,,,2,1610612737,,,,,,0,0,,,,,,0,0,,,,,,0
0021900837,195,13,0,1,8:09 PM,0:00,,End of 1st Period (8:09 PM EST),,35 - 21,-14,0,0,,,,,,0,0,,,,,,0,0,,,,,,1
0021900837,200,12,0,2,8:12 PM,12:00,,Start of 2nd Period (8:12 PM EST),,35 - 21,-14,0,0,,,,,,0,0,,,,,,0,0,,,,,,0
0021900837,201,7,5,2,8:12 PM,11:42,,,Kleber Violation:Kicked Ball (M.Myers),,,5,1628467,Maxi Kleber,1610612742.0,Dallas,Mavericks,DAL,0,0,,,,,,1,0,,,,,,0
0021900837,202,1,1,2,8:12 PM,11:39,Collins 27' 3PT Jump Shot (10 PTS) (Fernando 1 AST),,,35 - 24,-11,4,1628381,John Collins,1610612737.0,Atlanta,Hawks,ATL,4,1628981,Bruno Fernando,1610612737.0,Atlanta,Hawks,ATL,0,0,,,,,,1
0021900837,204,6,2,2,8:13 PM,11:27,Young S.FOUL (P2.T1) (M.Myers),,,,,4,1629027,Trae Young,1610612737.0,Atlanta,Hawks,ATL,5,201584,Courtney Lee,1610612742.0,Dallas,Mavericks,DAL,1,0,,,,,,1
0021900837,206,3,11,2,8:13 PM,11:27,,,Lee Free Throw 1 of 2 (1 PTS),36 - 24,-12,5,201584,Courtney Lee,1610612742.0,Dallas,Mavericks,DAL,0,0,,,,,,0,0,,,,,,1
0021900837,207,3,12,2,8:13 PM,11:27,,,MISS Lee Free Throw 2 of 2,,,5,201584,Courtney Lee,1610612742.0,Dallas,Mavericks,DAL,0,0,,,,,,0,0,,,,,,1
0021900837,208,4,0,2,8:13 PM,11:25,Collins REBOUND (Off:1 Def:6),,,,,4,1628381,John Collins,1610612737.0,Atlanta,Hawks,ATL,0,0,,,,,,0,0,,,,,,1
0021900837,209,1,1,2,8:13 PM,11:15,Collins 25' 3PT Jump Shot (13 PTS) (Young 2 AST),,,36 - 27,-9,4,1628381,John Collins,1610612737.0,Atlanta,Hawks,ATL,4,1629027,Trae Young,1610612737.0,Atlanta,Hawks,ATL,0,0,,,,,,1
0021900837,211,2,79,2,8:14 PM,10:59,,,MISS Barea 25' 3PT Pullup Jump Shot,,,5,200826,J.J. Barea,1610612742.0,Dallas,Mavericks,DAL,0,0,,,,,,0,0,,,,,,1
0021900837,212,4,0,2,8:14 PM,10:56,,,Barea REBOUND (Off:1 Def:4),,,5,200826,J.J. Barea,1610612742.0,Dallas,Mavericks,DAL,0,0,,,,,,0,0,,,,,,1
0021900837,213,1,1,2,8:14 PM,10:55,,,Jackson 26' 3PT Jump Shot (3 PTS) (Barea 2 AST),39 - 27,-12,5,1628382,Justin Jackson,1610612742.0,Dallas,Mavericks,DAL,5,200826,J.J. Barea,1610612742.0,Dallas,Mavericks,DAL,0,0,,,,,,1
0021900837,215,1,3,2,8:14 PM,10:30,Fernando 8' Hook Shot (2 PTS) (Graham 1 AST),,,39 - 29,-10,4,1628981,Bruno Fernando,1610612737.0,Atlanta,Hawks,ATL,4,1626203,Treveon Graham,1610612737.0,Atlanta,Hawks,ATL,0,0,,,,,,1
0021900837,217,1,1,2,8:14 PM,10:20,,,Kleber 25' 3PT Jump Shot (3 PTS) (Barea 3 AST),42 - 29,-13,5,1628467,Maxi Kleber,1610612742.0,Dallas,Mavericks,DAL,5,200826,J.J. Barea,1610612742.0,Dallas,Mavericks,DAL,0,0,,,,,,1
0021900837,219,6,1,2,8:14 PM,10:13,,,Lee P.FOUL (P1.T1) (M.Myers),,,5,201584,Courtney Lee,1610612742.0,Dallas,Mavericks,DAL,4,201952,Jeff Teague,1610612737.0,Atlanta,Hawks,ATL,1,0,,,,,,1
0021900837,221,6,1,2,8:15 PM,10:10,,,Hardaway Jr. P.FOUL (P1.T2) (M.Myers),,,5,203501,Tim Hardaway Jr.,1610612742.0,Dallas,Mavericks,DAL,4,1629027,Trae Young,1610612737.0,Atlanta,Hawks,ATL,1,0,,,,,,1
0021900837,223,1,7,2,8:15 PM,10:03,Fernando 1' Dunk (4 PTS) (Young 3 AST),,,42 - 31,-11,4,1628981,Bruno Fernando,1610612737.0,Atlanta,Hawks,ATL,4,1629027,Trae Young,1610612737.0,Atlanta,Hawks,ATL,0,0,,,,,,1
0021900837,225,1,1,2,8:15 PM,9:51,,,Hardaway Jr. 26' 3PT Jump Shot (14 PTS) (Barea 4 AST),45 - 31,-14,5,203501,Tim Hardaway Jr.,1610612742.0,Dallas,Mavericks,DAL,5,200826,J.J. Barea,1610612742.0,Dallas,Mavericks,DAL,0,0,,,,,,1
0021900837,227,1,6,2,8:16 PM,9:41,Teague Driving Layup (2 PTS),,,45 - 33,-12,4,201952,Jeff Teague,1610612737.0,Atlanta,Hawks,ATL,0,0,,,,,,0,0,,,,,,1
0021900837,228,1,73,2,8:16 PM,9:27,,,Barea 1' Driving Reverse Layup (6 PTS),47 - 33,-14,5,200826,J.J. Barea,1610612742.0,Dallas,Mavericks,DAL,0,0,,,,,,0,0,,,,,,1
0021900837,229,1,101,2,8:16 PM,9:18,Young 13' Driving Floating Jump Shot (6 PTS),,,47 - 35,-12,4,1629027,Trae Young,1610612737.0,Atlanta,Hawks,ATL,0,0,,,,,,0,0,,,,,,1
0021900837,230,6,1,2,8:16 PM,9:03,Graham P.FOUL (P1.T2) (R.Mott),,,,,4,1626203,Treveon Graham,1610612737.0,Atlanta,Hawks,ATL,5,1628467,Maxi Kleber,1610612742.0,Dallas,Mavericks,DAL,1,0,,,,,,1
0021900837,232,8,0,2,8:16 PM,9:03,SUB: Reddish FOR Teague,,,,,4,201952,Jeff Teague,1610612737.0,Atlanta,Hawks,ATL,4,1629629,Cam Reddish,1610612737.0,Atlanta,Hawks,ATL,0,0,,,,,,0
0021900837,234,6,1,2,8:17 PM,8:55,Reddish P.FOUL (P1.T3) (R.Mott),,,,,4,1629629,Cam Reddish,1610612737.0,Atlanta,Hawks,ATL,5,203501,Tim Hardaway Jr.,1610612742.0,Dallas,Mavericks,DAL,1,0,,,,,,1
0021900837,236,5,2,2,8:17 PM,8:47,Collins STEAL (1 STL),,Barea Lost Ball Turnover (P2.T4),,,5,200826,J.J. Barea,1610612742.0,Dallas,Mavericks,DAL,4,1628381,John Collins,1610612737.0,Atlanta,Hawks,ATL,0,0,,,,,,1
0021900837,238,5,1,2,8:17 PM,8:40,Young Bad Pass Turnover (P3.T4),,Lee STEAL (1 STL),,,4,1629027,Trae Young,1610612737.0,Atlanta,Hawks,ATL,5,201584,Courtney Lee,1610612742.0,Dallas,Mavericks,DAL,0,0,,,,,,1
0021900837,240,1,9,2,8:17 PM,8:31,,,Jackson 2' Driving Dunk (5 PTS) (Lee 1 AST),49 - 35,-14,5,1628382,Justin Jackson,1610612742.0,Dallas,Mavericks,DAL,5,201584,Courtney Lee,1610612742.0,Dallas,Mavericks,DAL,0,0,,,,,,1
0021900837,241,9,1,2,8:18 PM,8:29,HAWKS Timeout: Regular (Full 3 Short 0),,,,,2,1610612737,,,,,,0,0,,,,,,0,0,,,,,,0
0021900837,242,8,0,2,8:20 PM,8:29,SUB: Huerter FOR Fernando,,,,,4,1628981,Bruno Fernando,1610612737.0,Atlanta,Hawks,ATL,4,1628989,Kevin Huerter,1610612737.0,Atlanta,Hawks,ATL,0,0,,,,,,0
0021900837,243,8,0,2,8:20 PM,8:29,,,SUB: Wright FOR Barea,,,5,200826,J.J. Barea,1610612742.0,Dallas,Mavericks,DAL,5,1626153,Delon Wright,1610612742.0,Dallas,Mavericks,DAL,0,0,,,,,,0
0021900837,244,8,0,2,8:20 PM,8:29,,,SUB: Finney-Smith FOR Kleber,,,5,1628467,Maxi Kleber,1610612742.0,Dallas,Mavericks,DAL,5,1627827,Dorian Finney-Smith,1610612742.0,Dallas,Mavericks,DAL,0,0,,,,,,0
0021900837,249,2,79,2,8:21 PM,8:15,MISS Reddish 26' 3PT Pullup Jump Shot,,,,,4,1629629,Cam Reddish,1610612737.0,Atlanta,Hawks,ATL,0,0,,,,,,0,0,,,,,,1
0021900837,250,4,0,2,8:21 PM,8:15,HAWKS Rebound,,,,,2,1610612737,,,,,,0,0,,,,,,0,0,,,,,,0
0021900837,251,6,3,2,8:21 PM,8:15,,,Jackson L.B.FOUL (P1.T3) (D.Collins),,,5,1628382,Justin Jackson,1610612742.0,Dallas,Mavericks,DAL,4,1628381,John Collins,1610612737.0,Atlanta,Hawks,ATL,1,0,,,,,,1
0021900837,253,2,5,2,8:21 PM,8:06,MISS Collins 3' Layup,,,,,4,1628381,John Collins,1610612737.0,Atlanta,Hawks,ATL,0,0,,,,,,0,0,,,,,,1
0021900837,254,4,0,2,8:21 PM,8:03,,,Lee REBOUND (Off:0 Def:2),,,5,201584,Courtney Lee,1610612742.0,Dallas,Mavericks,DAL,0,0,,,,,,0,0,,,,,,1
0021900837,255,1,6,2,8:21 PM,7:58,,,Wright 1' Driving Layup (7 PTS),51 - 35,-16,5,1626153,Delon Wright,1610612742.0,Dallas,Mavericks,DAL,0,0,,,,,,0,0,,,,,,1
0021900837,256,1,108,2,8:22 PM,7:47,Collins 1' Cutting Dunk Shot (15 PTS) (Young 4 AST),,,51 - 37,-14,4,1628381,John Collins,1610612737.0,Atlanta,Hawks,ATL,4,1629027,Trae Young,1610612737.0,Atlanta,Hawks,ATL,0,0,,,,,,1
0021900837,258,6,2,2,8:22 PM,7:27,Reddish S.FOUL (P2.T4) (M.Myers),,,,,4,1629629,Cam Reddish,1610612737.0,Atlanta,Hawks,ATL,5,1628382,Justin Jackson,1610612742.0,Dallas,Mavericks,DAL,1,0,,,,,,1
0021900837,260,3,11,2,8:22 PM,7:27,,,MISS Jackson Free Throw 1 of 2,,,5,1628382,Justin Jackson,1610612742.0,Dallas,Mavericks,DAL,0,0,,,,,,0,0,,,,,,1
0021900837,261,4,1,2,8:22 PM,7:27,,,Mavericks Rebound,,,3,1610612742,,,,,,0,0,,,,,,0,0,,,,,,0
0021900837,262,3,12,2,8:22 PM,7:27,,,Jackson Free Throw 2 of 2 (6 PTS),52 - 37,-15,5,1628382,Justin Jackson,1610612742.0,Dallas,Mavericks,DAL,0,0,,,,,,0,0,,,,,,1
0021900837,263,1,6,2,8:23 PM,7:12,Reddish 4' Driving Layup (8 PTS) (Graham 2 AST),,,52 - 39,-13,4,1629629,Cam Reddish,1610612737.0,Atlanta,Hawks,ATL,4,1626203,Treveon Graham,1610612737.0,Atlanta,Hawks,ATL,0,0,,,,,,1
0021900837,265,1,6,2,8:23 PM,6:51,,,Hardaway Jr. 3' Driving Layup (16 PTS),54 - 39,-15,5,203501,Tim Hardaway Jr.,1610612742.0,Dallas,Mavericks,DAL,0,0,,,,,,0,0,,,,,,1
0021900837,266,1,5,2,8:23 PM,6:40,Collins 3' Layup (17 PTS) (Huerter 3 AST),,,54 - 41,-13,4,1628381,John Collins,1610612737.0,Atlanta,Hawks,ATL,4,1628989,Kevin Huerter,1610612737.0,Atlanta,Hawks,ATL,0,0,,,,,,1
0021900837,268,6,2,2,8:23 PM,6:40,,,Hardaway Jr. S.FOUL (P2.T4) (M.Myers),,,5,203501,Tim Hardaway Jr.,1610612742.0,Dallas,Mavericks,DAL,4,1628381,John Collins,1610612737.0,Atlanta,Hawks,ATL,1,0,,,,,,1
0021900837,270,8,0,2,8:24 PM,6:40,,,SUB: Curry FOR Hardaway Jr.,,,5,203501,Tim Hardaway Jr.,1610612742.0,Dallas,Mavericks,DAL,5,203552,Seth Curry,1610612742.0,Dallas,Mavericks,DAL,0,0,,,,,,0
0021900837,272,3,10,2,8:24 PM,6:40,Collins Free Throw 1 of 1 (18 PTS),,,54 - 42,-12,4,1628381,John Collins,1610612737.0,Atlanta,Hawks,ATL,0,0,,,,,,0,0,,,,,,1
0021900837,273,2,80,2,8:24 PM,6:29,,,MISS Lee 3PT Step Back Jump Shot,,,5,201584,Courtney Lee,1610612742.0,Dallas,Mavericks,DAL,0,0,,,,,,0,0,,,,,,1
0021900837,274,4,0,2,8:24 PM,6:25,Young REBOUND (Off:0 Def:3),,,,,4,1629027,Trae Young,1610612737.0,Atlanta,Hawks,ATL,0,0,,,,,,0,0,,,,,,1
0021900837,275,2,101,2,8:24 PM,6:12,MISS Young 9' Driving Floating Jump Shot,,,,,4,1629027,Trae Young,1610612737.0,Atlanta,Hawks,ATL,0,0,,,,,,0,0,,,,,,1
0021900837,276,4,0,2,8:24 PM,6:08,,,Jackson REBOUND (Off:0 Def:3),,,5,1628382,Justin Jackson,1610612742.0,Dallas,Mavericks,DAL,0,0,,,,,,0,0,,,,,,1
0021900837,277,1,1,2,8:24 PM,6:04,,,Wright 24' 3PT Jump Shot (10 PTS) (Curry 3 AST),57 - 42,-15,5,1626153,Delon Wright,1610612742.0,Dallas,Mavericks,DAL,5,203552,Seth Curry,1610612742.0,Dallas,Mavericks,DAL,0,0,,,,,,1
0021900837,279,6,1,2,8:25 PM,5:45,,,Lee P.FOUL (P2.PN) (D.Collins),,,5,201584,Courtney Lee,1610612742.0,Dallas,Mavericks,DAL,4,1628381,John Collins,1610612737.0,Atlanta,Hawks,ATL,1,0,,,,,,1
0021900837,281,3,11,2,8:25 PM,5:45,Collins Free Throw 1 of 2 (19 PTS),,,57 - 43,-14,4,1628381,John Collins,1610612737.0,Atlanta,Hawks,ATL,0,0,,,,,,0,0,,,,,,1
0021900837,286,3,12,2,8:25 PM,5:45,MISS Collins Free Throw 2 of 2,,,,,4,1628381,John Collins,1610612737.0,Atlanta,Hawks,ATL,0,0,,,,,,0,0,,,,,,1
0021900837,282,8,0,2,8:25 PM,5:45,SUB: Dedmon FOR Graham,,,,,4,1626203,Treveon Graham,1610612737.0,Atlanta,Hawks,ATL,4,203473,Dewayne Dedmon,1610612737.0,Atlanta,Hawks,ATL,0,0,,,,,,0
0021900837,283,8,0,2,8:25 PM,5:45,,,SUB: Kleber FOR Jackson,,,5,1628382,Justin Jackson,1610612742.0,Dallas,Mavericks,DAL,5,1628467,Maxi Kleber,1610612742.0,Dallas,Mavericks,DAL,0,0,,,,,,0
0021900837,287,4,0,2,8:25 PM,5:42,,,Finney-Smith REBOUND (Off:0 Def:2),,,5,1627827,Dorian Finney-Smith,1610612742.0,Dallas,Mavericks,DAL,0,0,,,,,,0,0,,,,,,1
0021900837,288,2,1,2,8:26 PM,5:22,,,MISS Lee 26' 3PT Jump Shot,,,5,201584,Courtney Lee,1610612742.0,Dallas,Mavericks,DAL,0,0,,,,,,0,0,,,,,,1
0021900837,289,4,0,2,8:26 PM,5:18,Dedmon REBOUND (Off:0 Def:5),,,,,4,203473,Dewayne Dedmon,1610612737.0,Atlanta,Hawks,ATL,0,0,,,,,,0,0,,,,,,1
0021900837,290,1,1,2,8:26 PM,5:14,Huerter 3PT Jump Shot (3 PTS) (Reddish 1 AST),,,57 - 46,-11,4,1628989,Kevin Huerter,1610612737.0,Atlanta,Hawks,ATL,4,1629629,Cam Reddish,1610612737.0,Atlanta,Hawks,ATL,0,0,,,,,,1
0021900837,292,1,44,2,8:27 PM,4:48,,,Wright 1' Reverse Layup (12 PTS),59 - 46,-13,5,1626153,Delon Wright,1610612742.0,Dallas,Mavericks,DAL,0,0,,,,,,0,0,,,,,,1
0021900837,294,1,6,2,8:27 PM,4:36,Collins 4' Driving Layup (21 PTS) (Young 5 AST),,,59 - 48,-11,4,1628381,John Collins,1610612737.0,Atlanta,Hawks,ATL,4,1629027,Trae Young,1610612737.0,Atlanta,Hawks,ATL,0,0,,,,,,1
0021900837,296,9,1,2,8:27 PM,4:35,,,Mavericks Timeout: Regular (Reg.2 Short 0),,,3,1610612742,,,,,,0,0,,,,,,0,0,,,,,,0
0021900837,297,8,0,2,8:29 PM,4:35,,,SUB: Hardaway Jr. FOR Lee,,,5,201584,Courtney Lee,1610612742.0,Dallas,Mavericks,DAL,5,203501,Tim Hardaway Jr.,1610612742.0,Dallas,Mavericks,DAL,0,0,,,,,,0
0021900837,299,2,101,2,8:30 PM,4:11,,,MISS Finney-Smith 6' Driving Floating Jump Shot,,,5,1627827,Dorian Finney-Smith,1610612742.0,Dallas,Mavericks,DAL,0,0,,,,,,0,0,,,,,,1
0021900837,300,4,0,2,8:30 PM,4:09,Reddish REBOUND (Off:0 Def:2),,,,,4,1629629,Cam Reddish,1610612737.0,Atlanta,Hawks,ATL,0,0,,,,,,0,0,,,,,,1
0021900837,301,6,2,2,8:30 PM,4:08,,,Wright S.FOUL (P1.PN) (M.Myers),,,5,1626153,Delon Wright,1610612742.0,Dallas,Mavericks,DAL,4,1629629,Cam Reddish,1610612737.0,Atlanta,Hawks,ATL,1,0,,,,,,1
0021900837,303,3,11,2,8:31 PM,4:08,Reddish Free Throw 1 of 2 (9 PTS),,,59 - 49,-10,4,1629629,Cam Reddish,1610612737.0,Atlanta,Hawks,ATL,0,0,,,,,,0,0,,,,,,1
0021900837,304,3,12,2,8:31 PM,4:08,Reddish Free Throw 2 of 2 (10 PTS),,,59 - 50,-9,4,1629629,Cam Reddish,1610612737.0,Atlanta,Hawks,ATL,0,0,,,,,,0,0,,,,,,1
0021900837,305,1,101,2,8:31 PM,3:57,,,Hardaway Jr. 7' Driving Floating Jump Shot (18 PTS) (Wright 2 AST),61 - 50,-11,5,203501,Tim Hardaway Jr.,1610612742.0,Dallas,Mavericks,DAL,5,1626153,Delon Wright,1610612742.0,Dallas,Mavericks,DAL,0,0,,,,,,1
0021900837,307,1,80,2,8:32 PM,3:40,Reddish 17' Step Back Jump Shot (12 PTS) (Collins 1 AST),,,61 - 52,-9,4,1629629,Cam Reddish,1610612737.0,Atlanta,Hawks,ATL,4,1628381,John Collins,1610612737.0,Atlanta,Hawks,ATL,0,0,,,,,,1
0021900837,309,2,1,2,8:32 PM,3:19,,,MISS Hardaway Jr. 3PT Jump Shot,,,5,203501,Tim Hardaway Jr.,1610612742.0,Dallas,Mavericks,DAL,0,0,,,,,,0,0,,,,,,1
0021900837,310,4,0,2,8:32 PM,3:16,Collins REBOUND (Off:1 Def:7),,,,,4,1628381,John Collins,1610612737.0,Atlanta,Hawks,ATL,0,0,,,,,,0,0,,,,,,1
0021900837,311,6,2,2,8:32 PM,3:14,,,Finney-Smith S.FOUL (P1.PN) (D.Collins),,,5,1627827,Dorian Finney-Smith,1610612742.0,Dallas,Mavericks,DAL,4,1629629,Cam Reddish,1610612737.0,Atlanta,Hawks,ATL,1,0,,,,,,1
0021900837,313,3,11,2,8:33 PM,3:14,MISS Reddish Free Throw 1 of 2,,,,,4,1629629,Cam Reddish,1610612737.0,Atlanta,Hawks,ATL,0,0,,,,,,0,0,,,,,,1
0021900837,314,4,1,2,8:33 PM,3:14,HAWKS Rebound,,,,,2,1610612737,,,,,,0,0,,,,,,0,0,,,,,,0
0021900837,315,8,0,2,8:33 PM,3:14,,,SUB: Barea FOR Wright,,,5,1626153,Delon Wright,1610612742.0,Dallas,Mavericks,DAL,5,200826,J.J. Barea,1610612742.0,Dallas,Mavericks,DAL,0,0,,,,,,0
0021900837,317,3,12,2,8:33 PM,3:14,Reddish Free Throw 2 of 2 (13 PTS),,,61 - 53,-8,4,1629629,Cam Reddish,1610612737.0,Atlanta,Hawks,ATL,0,0,,,,,,0,0,,,,,,1
0021900837,318,5,2,2,8:33 PM,3:03,Huerter STEAL (2 STL),,Hardaway Jr. Lost Ball Turnover (P1.T5),,,5,203501,Tim Hardaway Jr.,1610612742.0,Dallas,Mavericks,DAL,4,1628989,Kevin Huerter,1610612737.0,Atlanta,Hawks,ATL,0,0,,,,,,1
0021900837,320,1,6,2,8:33 PM,2:57,Reddish 4' Driving Layup (15 PTS) (Huerter 4 AST),,,61 - 55,-6,4,1629629,Cam Reddish,1610612737.0,Atlanta,Hawks,ATL,4,1628989,Kevin Huerter,1610612737.0,Atlanta,Hawks,ATL,0,0,,,,,,1
0021900837,322,6,2,2,8:33 PM,2:57,,,Kleber S.FOUL (P2.PN) (R.Mott),,,5,1628467,Maxi Kleber,1610612742.0,Dallas,Mavericks,DAL,4,1629629,Cam Reddish,1610612737.0,Atlanta,Hawks,ATL,1,0,,,,,,1
0021900837,324,3,10,2,8:34 PM,2:57,Reddish Free Throw 1 of 1 (16 PTS),,,61 - 56,-5,4,1629629,Cam Reddish,1610612737.0,Atlanta,Hawks,ATL,0,0,,,,,,0,0,,,,,,1
0021900837,325,2,1,2,8:34 PM,2:43,,,MISS Curry 30' 3PT Jump Shot,,,5,203552,Seth Curry,1610612742.0,Dallas,Mavericks,DAL,0,0,,,,,,0,0,,,,,,1
0021900837,326,4,0,2,8:34 PM,2:38,,,Kleber REBOUND (Off:2 Def:3),,,5,1628467,Maxi Kleber,1610612742.0,Dallas,Mavericks,DAL,0,0,,,,,,0,0,,,,,,1
0021900837,327,2,6,2,8:34 PM,2:35,Collins BLOCK (1 BLK),,MISS Hardaway Jr. 7' Driving Layup,,,5,203501,Tim Hardaway Jr.,1610612742.0,Dallas,Mavericks,DAL,0,0,,,,,,4,1628381,John Collins,1610612737.0,Atlanta,Hawks,ATL,1
0021900837,329,4,0,2,8:34 PM,2:33,Reddish REBOUND (Off:0 Def:3),,,,,4,1629629,Cam Reddish,1610612737.0,Atlanta,Hawks,ATL,0,0,,,,,,0,0,,,,,,1
0021900837,330,5,1,2,8:34 PM,2:25,Young Bad Pass Turnover (P4.T5),,Curry STEAL (1 STL),,,4,1629027,Trae Young,1610612737.0,Atlanta,Hawks,ATL,5,203552,Seth Curry,1610612742.0,Dallas,Mavericks,DAL,0,0,,,,,,1
0021900837,332,2,1,2,8:34 PM,2:20,,,MISS Barea 3PT Jump Shot,,,5,200826,J.J. Barea,1610612742.0,Dallas,Mavericks,DAL,0,0,,,,,,0,0,,,,,,1
0021900837,333,4,0,2,8:34 PM,2:16,Huerter REBOUND (Off:0 Def:2),,,,,4,1628989,Kevin Huerter,1610612737.0,Atlanta,Hawks,ATL,0,0,,,,,,0,0,,,,,,1
0021900837,334,2,1,2,8:35 PM,2:05,MISS Reddish 25' 3PT Jump Shot,,,,,4,1629629,Cam Reddish,1610612737.0,Atlanta,Hawks,ATL,0,0,,,,,,0,0,,,,,,1
0021900837,335,4,0,2,8:35 PM,2:03,,,Curry REBOUND (Off:0 Def:2),,,5,203552,Seth Curry,1610612742.0,Dallas,Mavericks,DAL,0,0,,,,,,0,0,,,,,,1
0021900837,336,1,6,2,8:35 PM,1:57,,,Curry 1' Driving Layup (13 PTS),63 - 56,-7,5,203552,Seth Curry,1610612742.0,Dallas,Mavericks,DAL,0,0,,,,,,0,0,,,,,,1
0021900837,337,6,4,2,8:35 PM,1:33,Reddish OFF.Foul (P3) (M.Myers),,,,,4,1629629,Cam Reddish,1610612737.0,Atlanta,Hawks,ATL,5,203501,Tim Hardaway Jr.,1610612742.0,Dallas,Mavericks,DAL,1,0,,,,,,1
0021900837,339,5,37,2,8:35 PM,1:33,Reddish Offensive Foul Turnover (P1.T6),,,,,4,1629629,Cam Reddish,1610612737.0,Atlanta,Hawks,ATL,0,0,,,,,,1,0,,,,,,1
0021900837,340,8,0,2,8:35 PM,1:33,SUB: Graham FOR Reddish,,,,,4,1629629,Cam Reddish,1610612737.0,Atlanta,Hawks,ATL,4,1626203,Treveon Graham,1610612737.0,Atlanta,Hawks,ATL,0,0,,,,,,0
0021900837,342,2,1,2,8:36 PM,1:10,,,MISS Barea 3PT Jump Shot,,,5,200826,J.J. Barea,1610612742.0,Dallas,Mavericks,DAL,0,0,,,,,,0,0,,,,,,1
0021900837,343,4,0,2,8:36 PM,1:06,Dedmon REBOUND (Off:0 Def:6),,,,,4,203473,Dewayne Dedmon,1610612737.0,Atlanta,Hawks,ATL,0,0,,,,,,0,0,,,,,,1
0021900837,347,2,1,2,8:36 PM,0:55,MISS Huerter 27' 3PT Jump Shot,,,,,4,1628989,Kevin Huerter,1610612737.0,Atlanta,Hawks,ATL,0,0,,,,,,0,0,,,,,,1
0021900837,348,4,0,2,8:36 PM,0:52,,,Mavericks Rebound,,,3,1610612742,,,,,,0,0,,,,,,0,0,,,,,,0
0021900837,350,6,11,2,8:36 PM,0:52,Dedmon T.FOUL (P1.T4) (D.Collins),,,,,4,203473,Dewayne Dedmon,1610612737.0,Atlanta,Hawks,ATL,0,0,,,,,,1,0,,,,,,1
0021900837,351,3,16,2,8:37 PM,0:52,,,Curry Free Throw Technical (14 PTS),64 - 56,-8,5,203552,Seth Curry,1610612742.0,Dallas,Mavericks,DAL,0,0,,,,,,0,0,,,,,,1
0021900837,352,6,3,2,8:37 PM,0:52,Dedmon L.B.FOUL (P2.PN) (D.Collins),,,,,4,203473,Dewayne Dedmon,1610612737.0,Atlanta,Hawks,ATL,5,203501,Tim Hardaway Jr.,1610612742.0,Dallas,Mavericks,DAL,1,0,,,,,,1
0021900837,354,3,11,2,8:37 PM,0:52,,,Hardaway Jr. Free Throw 1 of 2 (19 PTS),65 - 56,-9,5,203501,Tim Hardaway Jr.,1610612742.0,Dallas,Mavericks,DAL,0,0,,,,,,0,0,,,,,,1
0021900837,355,8,0,2,8:37 PM,0:52,SUB: Carter FOR Dedmon,,,,,4,203473,Dewayne Dedmon,1610612737.0,Atlanta,Hawks,ATL,4,1713,Vince Carter,1610612737.0,Atlanta,Hawks,ATL,0,0,,,,,,0
0021900837,357,3,12,2,8:38 PM,0:52,,,Hardaway Jr. Free Throw 2 of 2 (20 PTS),66 - 56,-10,5,203501,Tim Hardaway Jr.,1610612742.0,Dallas,Mavericks,DAL,0,0,,,,,,0,0,,,,,,1
0021900837,359,8,0,2,8:38 PM,0:39,,,SUB: Wright FOR Barea,,,5,200826,J.J. Barea,1610612742.0,Dallas,Mavericks,DAL,5,1626153,Delon Wright,1610612742.0,Dallas,Mavericks,DAL,0,0,,,,,,0
0021900837,361,1,6,2,8:38 PM,0:34,Young 1' Driving Layup (8 PTS),,,66 - 58,-8,4,1629027,Trae Young,1610612737.0,Atlanta,Hawks,ATL,0,0,,,,,,0,0,,,,,,1
0021900837,362,2,79,2,8:38 PM,0:28,,,MISS Hardaway Jr. 28' 3PT Pullup Jump Shot,,,5,203501,Tim Hardaway Jr.,1610612742.0,Dallas,Mavericks,DAL,0,0,,,,,,0,0,,,,,,1
0021900837,363,4,0,2,8:39 PM,0:24,Collins REBOUND (Off:1 Def:8),,,,,4,1628381,John Collins,1610612737.0,Atlanta,Hawks,ATL,0,0,,,,,,0,0,,,,,,1
0021900837,364,2,79,2,8:39 PM,0:02,MISS Young 28' 3PT Pullup Jump Shot,,,,,4,1629027,Trae Young,1610612737.0,Atlanta,Hawks,ATL,0,0,,,,,,0,0,,,,,,1
0021900837,365,4,0,2,8:39 PM,0:02,HAWKS Rebound,,,,,2,1610612737,,,,,,0,0,,,,,,0,0,,,,,,0
0021900837,366,13,0,2,8:39 PM,0:00,,End of 2nd Period (8:39 PM EST),,66 - 58,-8,0,0,,,,,,0,0,,,,,,0,0,,,,,,1
0021900837,372,12,0,3,8:54 PM,12:00,,Start of 3rd Period (8:54 PM EST),,66 - 58,-8,0,0,,,,,,0,0,,,,,,0,0,,,,,,0
0021900837,373,2,1,3,8:55 PM,11:41,MISS Huerter 27' 3PT Jump Shot,,,,,4,1628989,Kevin Huerter,1610612737.0,Atlanta,Hawks,ATL,0,0,,,,,,0,0,,,,,,1
0021900837,374,4,0,3,8:55 PM,11:37,,,Hardaway Jr. REBOUND (Off:0 Def:1),,,5,203501,Tim Hardaway Jr.,1610612742.0,Dallas,Mavericks,DAL,0,0,,,,,,0,0,,,,,,1
0021900837,375,1,52,3,8:55 PM,11:25,,,Kleber 1' Alley Oop Dunk (5 PTS) (Hardaway Jr. 2 AST),68 - 58,-10,5,1628467,Maxi Kleber,1610612742.0,Dallas,Mavericks,DAL,5,203501,Tim Hardaway Jr.,1610612742.0,Dallas,Mavericks,DAL,0,0,,,,,,1
0021900837,377,2,5,3,8:55 PM,11:17,MISS Reddish 5' Layup,,,,,4,1629629,Cam Reddish,1610612737.0,Atlanta,Hawks,ATL,0,0,,,,,,0,0,,,,,,1
0021900837,379,2,97,3,8:55 PM,11:13,MISS Reddish 1' Tip Layup Shot,,,,,4,1629629,Cam Reddish,1610612737.0,Atlanta,Hawks,ATL,0,0,,,,,,0,0,,,,,,1
0021900837,378,4,0,3,8:55 PM,11:13,Reddish REBOUND (Off:1 Def:3),,,,,4,1629629,Cam Reddish,1610612737.0,Atlanta,Hawks,ATL,0,0,,,,,,0,0,,,,,,1
0021900837,380,4,0,3,8:55 PM,11:11,Reddish REBOUND (Off:2 Def:3),,,,,4,1629629,Cam Reddish,1610612737.0,Atlanta,Hawks,ATL,0,0,,,,,,0,0,,,,,,1
0021900837,381,1,97,3,8:55 PM,11:11,Reddish 1' Tip Layup Shot (18 PTS),,,68 - 60,-8,4,1629629,Cam Reddish,1610612737.0,Atlanta,Hawks,ATL,0,0,,,,,,0,0,,,,,,1
0021900837,382,6,4,3,8:56 PM,10:52,,,Kleber OFF.Foul (P3) (M.Myers),,,5,1628467,Maxi Kleber,1610612742.0,Dallas,Mavericks,DAL,4,1629027,Trae Young,1610612737.0,Atlanta,Hawks,ATL,1,0,,,,,,1
0021900837,384,5,37,3,8:56 PM,10:52,,,Kleber Offensive Foul Turnover (P1.T6),,,5,1628467,Maxi Kleber,1610612742.0,Dallas,Mavericks,DAL,0,0,,,,,,1,0,,,,,,1
0021900837,385,1,5,3,8:56 PM,10:32,Dedmon 4' Layup (2 PTS) (Huerter 5 AST),,,68 - 62,-6,4,203473,Dewayne Dedmon,1610612737.0,Atlanta,Hawks,ATL,4,1628989,Kevin Huerter,1610612737.0,Atlanta,Hawks,ATL,0,0,,,,,,1
0021900837,392,2,101,3,8:57 PM,10:06,,,MISS Curry 7' Driving Floating Jump Shot,,,5,203552,Seth Curry,1610612742.0,Dallas,Mavericks,DAL,0,0,,,,,,0,0,,,,,,1
0021900837,393,4,0,3,8:57 PM,10:03,Dedmon REBOUND (Off:0 Def:7),,,,,4,203473,Dewayne Dedmon,1610612737.0,Atlanta,Hawks,ATL,0,0,,,,,,0,0,,,,,,1
0021900837,398,2,1,3,8:58 PM,9:44,MISS Young 27' 3PT Jump Shot,,,,,4,1629027,Trae Young,1610612737.0,Atlanta,Hawks,ATL,0,0,,,,,,0,0,,,,,,1
0021900837,399,4,0,3,8:58 PM,9:41,,,Curry REBOUND (Off:0 Def:3),,,5,203552,Seth Curry,1610612742.0,Dallas,Mavericks,DAL,0,0,,,,,,0,0,,,,,,1
0021900837,400,2,1,3,8:58 PM,9:30,,,MISS Finney-Smith 26' 3PT Jump Shot,,,5,1627827,Dorian Finney-Smith,1610612742.0,Dallas,Mavericks,DAL,0,0,,,,,,0,0,,,,,,1
0021900837,401,4,0,3,8:58 PM,9:28,,,Mavericks Rebound,,,3,1610612742,,,,,,0,0,,,,,,0,0,,,,,,1
0021900837,402,6,3,3,8:58 PM,9:28,Dedmon L.B.FOUL (P3.T1) (R.Mott),,,,,4,203473,Dewayne Dedmon,1610612737.0,Atlanta,Hawks,ATL,5,1628467,Maxi Kleber,1610612742.0,Dallas,Mavericks,DAL,1,0,,,,,,1
0021900837,404,2,1,3,8:59 PM,9:14,,,MISS Hardaway Jr. 28' 3PT Jump Shot,,,5,203501,Tim Hardaway Jr.,1610612742.0,Dallas,Mavericks,DAL,0,0,,,,,,0,0,,,,,,1
0021900837,405,4,0,3,8:59 PM,9:10,Collins REBOUND (Off:1 Def:9),,,,,4,1628381,John Collins,1610612737.0,Atlanta,Hawks,ATL,0,0,,,,,,0,0,,,,,,1
0021900837,406,1,52,3,8:59 PM,9:06,Collins 1' Alley Oop Dunk (23 PTS) (Young 6 AST),,,68 - 64,-4,4,1628381,John Collins,1610612737.0,Atlanta,Hawks,ATL,4,1629027,Trae Young,1610612737.0,Atlanta,Hawks,ATL,0,0,,,,,,1
0021900837,408,2,63,3,8:59 PM,8:48,,,MISS Wright 8' Fadeaway Jumper,,,5,1626153,Delon Wright,1610612742.0,Dallas,Mavericks,DAL,0,0,,,,,,0,0,,,,,,1
0021900837,409,4,0,3,8:59 PM,8:46,,,Finney-Smith REBOUND (Off:1 Def:2),,,5,1627827,Dorian Finney-Smith,1610612742.0,Dallas,Mavericks,DAL,0,0,,,,,,0,0,,,,,,1
0021900837,410,1,72,3,8:59 PM,8:46,,,Finney-Smith 1' Putback Layup (2 PTS),70 - 64,-6,5,1627827,Dorian Finney-Smith,1610612742.0,Dallas,Mavericks,DAL,0,0,,,,,,0,0,,,,,,1
0021900837,411,6,2,3,8:59 PM,8:46,Dedmon S.FOUL (P4.T2) (D.Collins),,,,,4,203473,Dewayne Dedmon,1610612737.0,Atlanta,Hawks,ATL,5,1627827,Dorian Finney-Smith,1610612742.0,Dallas,Mavericks,DAL,1,0,,,,,,1
0021900837,413,8,0,3,8:59 PM,8:46,SUB: Graham FOR Dedmon,,,,,4,203473,Dewayne Dedmon,1610612737.0,Atlanta,Hawks,ATL,4,1626203,Treveon Graham,1610612737.0,Atlanta,Hawks,ATL,0,0,,,,,,0
0021900837,415,3,10,3,9:00 PM,8:46,,,MISS Finney-Smith Free Throw 1 of 1,,,5,1627827,Dorian Finney-Smith,1610612742.0,Dallas,Mavericks,DAL,0,0,,,,,,0,0,,,,,,1
0021900837,416,4,0,3,9:00 PM,8:44,Collins REBOUND (Off:1 Def:10),,,,,4,1628381,John Collins,1610612737.0,Atlanta,Hawks,ATL,0,0,,,,,,0,0,,,,,,1
0021900837,417,2,1,3,9:00 PM,8:29,MISS Reddish 24' 3PT Jump Shot,,,,,4,1629629,Cam Reddish,1610612737.0,Atlanta,Hawks,ATL,0,0,,,,,,0,0,,,,,,1
0021900837,418,4,0,3,9:00 PM,8:26,,,Hardaway Jr. REBOUND (Off:0 Def:2),,,5,203501,Tim Hardaway Jr.,1610612742.0,Dallas,Mavericks,DAL,0,0,,,,,,0,0,,,,,,1
0021900837,419,1,6,3,9:00 PM,8:15,,,Curry 2' Driving Layup (16 PTS) (Kleber 2 AST),72 - 64,-8,5,203552,Seth Curry,1610612742.0,Dallas,Mavericks,DAL,5,1628467,Maxi Kleber,1610612742.0,Dallas,Mavericks,DAL,0,0,,,,,,1
0021900837,421,5,4,3,9:00 PM,7:57,Collins Traveling Turnover (P1.T7),,,,,4,1628381,John Collins,1610612737.0,Atlanta,Hawks,ATL,0,0,,,,,,1,0,,,,,,1
0021900837,422,2,1,3,9:01 PM,7:37,,,MISS Kleber 3PT Jump Shot,,,5,1628467,Maxi Kleber,1610612742.0,Dallas,Mavericks,DAL,0,0,,,,,,0,0,,,,,,1
0021900837,423,4,0,3,9:01 PM,7:33,Reddish REBOUND (Off:2 Def:4),,,,,4,1629629,Cam Reddish,1610612737.0,Atlanta,Hawks,ATL,0,0,,,,,,0,0,,,,,,1
0021900837,424,2,9,3,9:01 PM,7:28,MISS Reddish 2' Driving Dunk,,Kleber BLOCK (3 BLK),,,4,1629629,Cam Reddish,1610612737.0,Atlanta,Hawks,ATL,0,0,,,,,,5,1628467,Maxi Kleber,1610612742.0,Dallas,Mavericks,DAL,1
0021900837,426,4,0,3,9:01 PM,7:24,,,Wright REBOUND (Off:0 Def:3),,,5,1626153,Delon Wright,1610612742.0,Dallas,Mavericks,DAL,0,0,,,,,,0,0,,,,,,1
0021900837,427,2,1,3,9:01 PM,7:23,,,MISS Curry 26' 3PT Jump Shot,,,5,203552,Seth Curry,1610612742.0,Dallas,Mavericks,DAL,0,0,,,,,,0,0,,,,,,1
0021900837,428,4,0,3,9:01 PM,7:20,,,Mavericks Rebound,,,3,1610612742,,,,,,0,0,,,,,,0,0,,,,,,0
0021900837,430,1,6,3,9:02 PM,7:14,,,Wright 1' Driving Layup (14 PTS) (Finney-Smith 1 AST),74 - 64,-10,5,1626153,Delon Wright,1610612742.0,Dallas,Mavericks,DAL,5,1627827,Dorian Finney-Smith,1610612742.0,Dallas,Mavericks,DAL,0,0,,,,,,1
0021900837,432,9,1,3,9:02 PM,7:12,HAWKS Timeout: Regular (Full 4 Short 0),,,,,2,1610612737,,,,,,0,0,,,,,,0,0,,,,,,0
0021900837,433,8,0,3,9:04 PM,7:12,,,SUB: Jackson FOR Finney-Smith,,,5,1627827,Dorian Finney-Smith,1610612742.0,Dallas,Mavericks,DAL,5,1628382,Justin Jackson,1610612742.0,Dallas,Mavericks,DAL,0,0,,,,,,0
0021900837,435,2,6,3,9:05 PM,6:59,MISS Reddish 2' Driving Layup,,Kleber BLOCK (4 BLK),,,4,1629629,Cam Reddish,1610612737.0,Atlanta,Hawks,ATL,0,0,,,,,,5,1628467,Maxi Kleber,1610612742.0,Dallas,Mavericks,DAL,1
0021900837,437,4,0,3,9:05 PM,6:59,HAWKS Rebound,,,,,2,1610612737,,,,,,0,0,,,,,,0,0,,,,,,0
0021900837,439,1,1,3,9:05 PM,6:51,Graham 3PT Jump Shot (5 PTS) (Reddish 2 AST),,,74 - 67,-7,4,1626203,Treveon Graham,1610612737.0,Atlanta,Hawks,ATL,4,1629629,Cam Reddish,1610612737.0,Atlanta,Hawks,ATL,0,0,,,,,,1
0021900837,441,1,1,3,9:05 PM,6:37,,,Curry 26' 3PT Jump Shot (19 PTS) (Hardaway Jr. 3 AST),77 - 67,-10,5,203552,Seth Curry,1610612742.0,Dallas,Mavericks,DAL,5,203501,Tim Hardaway Jr.,1610612742.0,Dallas,Mavericks,DAL,0,0,,,,,,1
0021900837,443,2,101,3,9:06 PM,6:23,MISS Huerter 9' Driving Floating Jump Shot,,,,,4,1628989,Kevin Huerter,1610612737.0,Atlanta,Hawks,ATL,0,0,,,,,,0,0,,,,,,1
0021900837,444,4,0,3,9:06 PM,6:20,,,Jackson REBOUND (Off:0 Def:4),,,5,1628382,Justin Jackson,1610612742.0,Dallas,Mavericks,DAL,0,0,,,,,,0,0,,,,,,1
0021900837,445,5,1,3,9:06 PM,6:13,Reddish STEAL (1 STL),,Curry Bad Pass Turnover (P1.T7),,,5,203552,Seth Curry,1610612742.0,Dallas,Mavericks,DAL,4,1629629,Cam Reddish,1610612737.0,Atlanta,Hawks,ATL,0,0,,,,,,1
0021900837,447,1,6,3,9:06 PM,6:07,Young 1' Driving Layup (10 PTS),,,77 - 69,-8,4,1629027,Trae Young,1610612737.0,Atlanta,Hawks,ATL,0,0,,,,,,0,0,,,,,,1
0021900837,448,2,79,3,9:06 PM,5:45,,,MISS Curry 26' 3PT Pullup Jump Shot,,,5,203552,Seth Curry,1610612742.0,Dallas,Mavericks,DAL,0,0,,,,,,0,0,,,,,,1
0021900837,449,4,0,3,9:06 PM,5:42,Collins REBOUND (Off:1 Def:11),,,,,4,1628381,John Collins,1610612737.0,Atlanta,Hawks,ATL,0,0,,,,,,0,0,,,,,,1
0021900837,450,2,1,3,9:07 PM,5:28,MISS Huerter 3PT Jump Shot,,,,,4,1628989,Kevin Huerter,1610612737.0,Atlanta,Hawks,ATL,0,0,,,,,,0,0,,,,,,1
0021900837,451,4,0,3,9:07 PM,5:24,,,Jackson REBOUND (Off:0 Def:5),,,5,1628382,Justin Jackson,1610612742.0,Dallas,Mavericks,DAL,0,0,,,,,,0,0,,,,,,1
0021900837,452,5,1,3,9:07 PM,5:15,,,Curry Bad Pass Turnover (P2.T8),,,5,203552,Seth Curry,1610612742.0,Dallas,Mavericks,DAL,0,0,,,,,,0,0,,,,,,1
0021900837,454,6,3,3,9:07 PM,5:15,,,Curry L.B.FOUL (P2.T1) (R.Mott),,,5,203552,Seth Curry,1610612742.0,Dallas,Mavericks,DAL,4,1629629,Cam Reddish,1610612737.0,Atlanta,Hawks,ATL,1,0,,,,,,1
0021900837,456,8,0,3,9:07 PM,5:15,SUB: Teague FOR Huerter,,,,,4,1628989,Kevin Huerter,1610612737.0,Atlanta,Hawks,ATL,4,201952,Jeff Teague,1610612737.0,Atlanta,Hawks,ATL,0,0,,,,,,0
0021900837,457,8,0,3,9:07 PM,5:15,,,SUB: Lee FOR Curry,,,5,203552,Seth Curry,1610612742.0,Dallas,Mavericks,DAL,5,201584,Courtney Lee,1610612742.0,Dallas,Mavericks,DAL,0,0,,,,,,0
0021900837,458,8,0,3,9:07 PM,5:15,,,SUB: Finney-Smith FOR Kleber,,,5,1628467,Maxi Kleber,1610612742.0,Dallas,Mavericks,DAL,5,1627827,Dorian Finney-Smith,1610612742.0,Dallas,Mavericks,DAL,0,0,,,,,,0
0021900837,462,6,2,3,9:08 PM,5:04,,,Lee S.FOUL (P3.T2) (M.Myers),,,5,201584,Courtney Lee,1610612742.0,Dallas,Mavericks,DAL,4,201952,Jeff Teague,1610612737.0,Atlanta,Hawks,ATL,1,0,,,,,,1
0021900837,464,3,11,3,9:08 PM,5:04,MISS Teague Free Throw 1 of 2,,,,,4,201952,Jeff Teague,1610612737.0,Atlanta,Hawks,ATL,0,0,,,,,,0,0,,,,,,1
0021900837,465,4,1,3,9:08 PM,5:04,HAWKS Rebound,,,,,2,1610612737,,,,,,0,0,,,,,,0,0,,,,,,0
0021900837,466,3,12,3,9:08 PM,5:04,Teague Free Throw 2 of 2 (3 PTS),,,77 - 70,-7,4,201952,Jeff Teague,1610612737.0,Atlanta,Hawks,ATL,0,0,,,,,,0,0,,,,,,1
0021900837,467,2,1,3,9:08 PM,4:56,,,MISS Jackson 25' 3PT Jump Shot,,,5,1628382,Justin Jackson,1610612742.0,Dallas,Mavericks,DAL,0,0,,,,,,0,0,,,,,,1
0021900837,468,4,0,3,9:09 PM,4:50,Collins REBOUND (Off:1 Def:12),,,,,4,1628381,John Collins,1610612737.0,Atlanta,Hawks,ATL,0,0,,,,,,0,0,,,,,,1
0021900837,469,1,101,3,9:09 PM,4:46,Young 3' Driving Floating Jump Shot (12 PTS),,,77 - 72,-5,4,1629027,Trae Young,1610612737.0,Atlanta,Hawks,ATL,0,0,,,,,,0,0,,,,,,1
0021900837,470,1,98,3,9:09 PM,4:30,,,Jackson 1' Cutting Layup Shot (8 PTS) (Finney-Smith 2 AST),79 - 72,-7,5,1628382,Justin Jackson,1610612742.0,Dallas,Mavericks,DAL,5,1627827,Dorian Finney-Smith,1610612742.0,Dallas,Mavericks,DAL,0,0,,,,,,1
0021900837,472,2,1,3,9:09 PM,4:10,MISS Teague 25' 3PT Jump Shot,,,,,4,201952,Jeff Teague,1610612737.0,Atlanta,Hawks,ATL,0,0,,,,,,0,0,,,,,,1
0021900837,473,4,0,3,9:09 PM,4:07,Graham REBOUND (Off:3 Def:0),,,,,4,1626203,Treveon Graham,1610612737.0,Atlanta,Hawks,ATL,0,0,,,,,,0,0,,,,,,1
0021900837,474,6,2,3,9:09 PM,4:07,,,Finney-Smith S.FOUL (P2.T3) (R.Mott),,,5,1627827,Dorian Finney-Smith,1610612742.0,Dallas,Mavericks,DAL,4,1626203,Treveon Graham,1610612737.0,Atlanta,Hawks,ATL,1,0,,,,,,1
0021900837,476,3,11,3,9:10 PM,4:07,MISS Graham Free Throw 1 of 2,,,,,4,1626203,Treveon Graham,1610612737.0,Atlanta,Hawks,ATL,0,0,,,,,,0,0,,,,,,1
0021900837,477,4,1,3,9:10 PM,4:07,HAWKS Rebound,,,,,2,1610612737,,,,,,0,0,,,,,,0,0,,,,,,0
0021900837,478,3,12,3,9:10 PM,4:07,MISS Graham Free Throw 2 of 2,,,,,4,1626203,Treveon Graham,1610612737.0,Atlanta,Hawks,ATL,0,0,,,,,,0,0,,,,,,0
0021900837,479,4,0,3,9:10 PM,4:05,,,Jackson REBOUND (Off:0 Def:6),,,5,1628382,Justin Jackson,1610612742.0,Dallas,Mavericks,DAL,0,0,,,,,,0,0,,,,,,1
0021900837,480,2,1,3,9:10 PM,3:59,,,MISS Lee 3PT Jump Shot,,,5,201584,Courtney Lee,1610612742.0,Dallas,Mavericks,DAL,0,0,,,,,,0,0,,,,,,1
0021900837,481,4,0,3,9:10 PM,3:54,,,Finney-Smith REBOUND (Off:2 Def:2),,,5,1627827,Dorian Finney-Smith,1610612742.0,Dallas,Mavericks,DAL,0,0,,,,,,0,0,,,,,,1
0021900837,482,6,2,3,9:10 PM,3:54,Graham S.FOUL (P2.T3) (R.Mott),,,,,4,1626203,Treveon Graham,1610612737.0,Atlanta,Hawks,ATL,5,1627827,Dorian Finney-Smith,1610612742.0,Dallas,Mavericks,DAL,1,0,,,,,,1
0021900837,484,3,11,3,9:10 PM,3:54,,,Finney-Smith Free Throw 1 of 2 (3 PTS),80 - 72,-8,5,1627827,Dorian Finney-Smith,1610612742.0,Dallas,Mavericks,DAL,0,0,,,,,,0,0,,,,,,1
0021900837,485,8,0,3,9:10 PM,3:54,SUB: Goodwin FOR Young,,,,,4,1629027,Trae Young,1610612737.0,Atlanta,Hawks,ATL,4,1629164,Brandon Goodwin,1610612737.0,Atlanta,Hawks,ATL,0,0,,,,,,0
0021900837,487,8,0,3,9:10 PM,3:54,,,SUB: Barea FOR Wright,,,5,1626153,Delon Wright,1610612742.0,Dallas,Mavericks,DAL,5,200826,J.J. Barea,1610612742.0,Dallas,Mavericks,DAL,0,0,,,,,,0
0021900837,489,3,12,3,9:11 PM,3:54,,,Finney-Smith Free Throw 2 of 2 (4 PTS),81 - 72,-9,5,1627827,Dorian Finney-Smith,1610612742.0,Dallas,Mavericks,DAL,0,0,,,,,,0,0,,,,,,1
0021900837,490,2,1,3,9:11 PM,3:44,MISS Reddish 24' 3PT Jump Shot,,,,,4,1629629,Cam Reddish,1610612737.0,Atlanta,Hawks,ATL,0,0,,,,,,0,0,,,,,,1
0021900837,491,4,0,3,9:11 PM,3:40,,,Hardaway Jr. REBOUND (Off:0 Def:3),,,5,203501,Tim Hardaway Jr.,1610612742.0,Dallas,Mavericks,DAL,0,0,,,,,,0,0,,,,,,1
0021900837,492,1,79,3,9:12 PM,3:31,,,Hardaway Jr. 25' 3PT Pullup Jump Shot (23 PTS) (Lee 2 AST),84 - 72,-12,5,203501,Tim Hardaway Jr.,1610612742.0,Dallas,Mavericks,DAL,5,201584,Courtney Lee,1610612742.0,Dallas,Mavericks,DAL,0,0,,,,,,1
0021900837,494,2,6,3,9:12 PM,3:13,MISS Teague 1' Driving Layup,,Finney-Smith BLOCK (1 BLK),,,4,201952,Jeff Teague,1610612737.0,Atlanta,Hawks,ATL,0,0,,,,,,5,1627827,Dorian Finney-Smith,1610612742.0,Dallas,Mavericks,DAL,1
0021900837,496,4,0,3,9:12 PM,3:12,Collins REBOUND (Off:2 Def:12),,,,,4,1628381,John Collins,1610612737.0,Atlanta,Hawks,ATL,0,0,,,,,,0,0,,,,,,1
0021900837,497,6,2,3,9:12 PM,3:12,,,Lee S.FOUL (P4.T4) (R.Mott),,,5,201584,Courtney Lee,1610612742.0,Dallas,Mavericks,DAL,4,1628381,John Collins,1610612737.0,Atlanta,Hawks,ATL,1,0,,,,,,1
0021900837,499,3,11,3,9:12 PM,3:12,Collins Free Throw 1 of 2 (24 PTS),,,84 - 73,-11,4,1628381,John Collins,1610612737.0,Atlanta,Hawks,ATL,0,0,,,,,,0,0,,,,,,1
0021900837,502,3,12,3,9:12 PM,3:12,MISS Collins Free Throw 2 of 2,,,,,4,1628381,John Collins,1610612737.0,Atlanta,Hawks,ATL,0,0,,,,,,0,0,,,,,,1
0021900837,500,8,0,3,9:12 PM,3:12,SUB: Huerter FOR Reddish,,,,,4,1629629,Cam Reddish,1610612737.0,Atlanta,Hawks,ATL,4,1628989,Kevin Huerter,1610612737.0,Atlanta,Hawks,ATL,0,0,,,,,,0
0021900837,503,4,0,3,9:12 PM,3:10,,,Jackson REBOUND (Off:0 Def:7),,,5,1628382,Justin Jackson,1610612742.0,Dallas,Mavericks,DAL,0,0,,,,,,0,0,,,,,,1
0021900837,504,1,98,3,9:13 PM,2:54,,,Finney-Smith 2' Cutting Layup Shot (6 PTS) (Hardaway Jr. 4 AST),86 - 73,-13,5,1627827,Dorian Finney-Smith,1610612742.0,Dallas,Mavericks,DAL,5,203501,Tim Hardaway Jr.,1610612742.0,Dallas,Mavericks,DAL,0,0,,,,,,1
0021900837,506,5,1,3,9:13 PM,2:37,Teague Bad Pass Turnover (P1.T8),,Lee STEAL (2 STL),,,4,201952,Jeff Teague,1610612737.0,Atlanta,Hawks,ATL,5,201584,Courtney Lee,1610612742.0,Dallas,Mavericks,DAL,0,0,,,,,,1
0021900837,508,2,80,3,9:13 PM,2:27,,,MISS Hardaway Jr. 26' 3PT Step Back Jump Shot,,,5,203501,Tim Hardaway Jr.,1610612742.0,Dallas,Mavericks,DAL,0,0,,,,,,0,0,,,,,,1
0021900837,509,4,0,3,9:13 PM,2:24,Graham REBOUND (Off:3 Def:1),,,,,4,1626203,Treveon Graham,1610612737.0,Atlanta,Hawks,ATL,0,0,,,,,,0,0,,,,,,1
0021900837,510,1,5,3,9:14 PM,2:11,Collins 4' Layup (26 PTS) (Goodwin 1 AST),,,86 - 75,-11,4,1628381,John Collins,1610612737.0,Atlanta,Hawks,ATL,4,1629164,Brandon Goodwin,1610612737.0,Atlanta,Hawks,ATL,0,0,,,,,,1
0021900837,512,9,1,3,9:14 PM,2:10,,,Mavericks Timeout: Regular (Reg.3 Short 0),,,3,1610612742,,,,,,0,0,,,,,,0,0,,,,,,0
0021900837,513,8,0,3,9:15 PM,2:10,SUB: Carter FOR Graham,,,,,4,1626203,Treveon Graham,1610612737.0,Atlanta,Hawks,ATL,4,1713,Vince Carter,1610612737.0,Atlanta,Hawks,ATL,0,0,,,,,,0
0021900837,514,8,0,3,9:15 PM,2:10,SUB: Fernando FOR Collins,,,,,4,1628381,John Collins,1610612737.0,Atlanta,Hawks,ATL,4,1628981,Bruno Fernando,1610612737.0,Atlanta,Hawks,ATL,0,0,,,,,,0
0021900837,515,8,0,3,9:15 PM,2:10,,,SUB: Kidd-Gilchrist FOR Finney-Smith,,,5,1627827,Dorian Finney-Smith,1610612742.0,Dallas,Mavericks,DAL,5,203077,Michael Kidd-Gilchrist,1610612742.0,Dallas,Mavericks,DAL,0,0,,,,,,0
0021900837,516,8,0,3,9:15 PM,2:10,,,SUB: Curry FOR Hardaway Jr.,,,5,203501,Tim Hardaway Jr.,1610612742.0,Dallas,Mavericks,DAL,5,203552,Seth Curry,1610612742.0,Dallas,Mavericks,DAL,0,0,,,,,,0
0021900837,521,5,45,3,9:17 PM,1:51,,,Barea Out of Bounds - Bad Pass Turnover Turnover (P3.T9),,,5,200826,J.J. Barea,1610612742.0,Dallas,Mavericks,DAL,0,0,,,,,,1,0,,,,,,1
0021900837,522,2,1,3,9:17 PM,1:43,MISS Goodwin 27' 3PT Jump Shot,,,,,4,1629164,Brandon Goodwin,1610612737.0,Atlanta,Hawks,ATL,0,0,,,,,,0,0,,,,,,1
0021900837,523,4,0,3,9:17 PM,1:41,,,Lee REBOUND (Off:0 Def:3),,,5,201584,Courtney Lee,1610612742.0,Dallas,Mavericks,DAL,0,0,,,,,,0,0,,,,,,1
0021900837,524,2,79,3,9:17 PM,1:24,,,MISS Barea 25' 3PT Pullup Jump Shot,,,5,200826,J.J. Barea,1610612742.0,Dallas,Mavericks,DAL,0,0,,,,,,0,0,,,,,,1
0021900837,525,4,0,3,9:17 PM,1:21,Huerter REBOUND (Off:0 Def:3),,,,,4,1628989,Kevin Huerter,1610612737.0,Atlanta,Hawks,ATL,0,0,,,,,,0,0,,,,,,1
0021900837,526,2,80,3,9:18 PM,1:03,MISS Carter 16' Step Back Jump Shot,,,,,4,1713,Vince Carter,1610612737.0,Atlanta,Hawks,ATL,0,0,,,,,,0,0,,,,,,1
0021900837,527,4,0,3,9:18 PM,0:59,,,Barea REBOUND (Off:1 Def:5),,,5,200826,J.J. Barea,1610612742.0,Dallas,Mavericks,DAL,0,0,,,,,,0,0,,,,,,1
0021900837,528,5,1,3,9:18 PM,0:51,Huerter STEAL (3 STL),,Curry Bad Pass Turnover (P3.T10),,,5,203552,Seth Curry,1610612742.0,Dallas,Mavericks,DAL,4,1628989,Kevin Huerter,1610612737.0,Atlanta,Hawks,ATL,0,0,,,,,,1
0021900837,530,2,78,3,9:18 PM,0:45,MISS Teague 7' Floating Jump Shot,,,,,4,201952,Jeff Teague,1610612737.0,Atlanta,Hawks,ATL,0,0,,,,,,0,0,,,,,,1
0021900837,531,4,0,3,9:18 PM,0:42,Fernando REBOUND (Off:1 Def:0),,,,,4,1628981,Bruno Fernando,1610612737.0,Atlanta,Hawks,ATL,0,0,,,,,,0,0,,,,,,1
0021900837,532,2,6,3,9:18 PM,0:35,MISS Goodwin 9' Driving Layup,,Barea BLOCK (1 BLK),,,4,1629164,Brandon Goodwin,1610612737.0,Atlanta,Hawks,ATL,0,0,,,,,,5,200826,J.J. Barea,1610612742.0,Dallas,Mavericks,DAL,1
0021900837,534,4,0,3,9:18 PM,0:35,HAWKS Rebound,,,,,2,1610612737,,,,,,0,0,,,,,,0,0,,,,,,0
0021900837,536,1,102,3,9:19 PM,0:28,Teague 10' Driving Floating Bank Jump Shot (5 PTS),,,86 - 77,-9,4,201952,Jeff Teague,1610612737.0,Atlanta,Hawks,ATL,0,0,,,,,,0,0,,,,,,1
0021900837,537,6,1,3,9:19 PM,0:21,Carter P.FOUL (P1.T4) (R.Mott),,,,,4,1713,Vince Carter,1610612737.0,Atlanta,Hawks,ATL,5,200826,J.J. Barea,1610612742.0,Dallas,Mavericks,DAL,1,0,,,,,,1
0021900837,539,2,75,3,9:19 PM,0:08,,,MISS Barea 2' Driving Finger Roll Layup,,,5,200826,J.J. Barea,1610612742.0,Dallas,Mavericks,DAL,0,0,,,,,,0,0,,,,,,1
0021900837,540,4,0,3,9:19 PM,0:05,,,Kidd-Gilchrist REBOUND (Off:1 Def:0),,,5,203077,Michael Kidd-Gilchrist,1610612742.0,Dallas,Mavericks,DAL,0,0,,,,,,0,0,,,,,,1
0021900837,541,5,45,3,9:19 PM,0:05,,,Kidd-Gilchrist Out of Bounds - Bad Pass Turnover Turnover (P1.T11),,,5,203077,Michael Kidd-Gilchrist,1610612742.0,Dallas,Mavericks,DAL,0,0,,,,,,1,0,,,,,,1
0021900837,542,2,79,3,9:19 PM,0:01,MISS Goodwin 26' 3PT Pullup Jump Shot,,,,,4,1629164,Brandon Goodwin,1610612737.0,Atlanta,Hawks,ATL,0,0,,,,,,0,0,,,,,,1
0021900837,543,4,0,3,9:19 PM,0:00,,,Lee REBOUND (Off:0 Def:4),,,5,201584,Courtney Lee,1610612742.0,Dallas,Mavericks,DAL,0,0,,,,,,0,0,,,,,,1
0021900837,544,13,0,3,9:20 PM,0:00,,End of 3rd Period (9:20 PM EST),,86 - 77,-9,0,0,,,,,,0,0,,,,,,0,0,,,,,,1
0021900837,551,12,0,4,9:22 PM,12:00,,Start of 4th Period (9:22 PM EST),,86 - 77,-9,0,0,,,,,,0,0,,,,,,0,0,,,,,,0
0021900837,552,2,6,4,9:22 PM,11:42,,,MISS Jackson 2' Driving Layup,,,5,1628382,Justin Jackson,1610612742.0,Dallas,Mavericks,DAL,0,0,,,,,,0,0,,,,,,1
0021900837,553,4,0,4,9:23 PM,11:40,Fernando REBOUND (Off:1 Def:1),,,,,4,1628981,Bruno Fernando,1610612737.0,Atlanta,Hawks,ATL,0,0,,,,,,0,0,,,,,,1
0021900837,554,5,1,4,9:23 PM,11:26,Reddish Bad Pass Turnover (P2.T9),,Curry STEAL (2 STL),,,4,1629629,Cam Reddish,1610612737.0,Atlanta,Hawks,ATL,5,203552,Seth Curry,1610612742.0,Dallas,Mavericks,DAL,0,0,,,,,,1
0021900837,556,2,6,4,9:23 PM,11:15,,,MISS Barea 3' Driving Layup,,,5,200826,J.J. Barea,1610612742.0,Dallas,Mavericks,DAL,0,0,,,,,,0,0,,,,,,1
0021900837,557,4,0,4,9:23 PM,11:12,Fernando REBOUND (Off:1 Def:2),,,,,4,1628981,Bruno Fernando,1610612737.0,Atlanta,Hawks,ATL,0,0,,,,,,0,0,,,,,,1
0021900837,562,5,45,4,9:23 PM,11:08,Young Out of Bounds - Bad Pass Turnover Turnover (P5.T10),,,,,4,1629027,Trae Young,1610612737.0,Atlanta,Hawks,ATL,0,0,,,,,,1,0,,,,,,0
0021900837,563,1,6,4,9:24 PM,11:01,,,Barea 1' Driving Layup (8 PTS) (Curry 4 AST),88 - 77,-11,5,200826,J.J. Barea,1610612742.0,Dallas,Mavericks,DAL,5,203552,Seth Curry,1610612742.0,Dallas,Mavericks,DAL,0,0,,,,,,1
0021900837,565,2,1,4,9:24 PM,10:54,MISS Reddish 3PT Jump Shot,,,,,4,1629629,Cam Reddish,1610612737.0,Atlanta,Hawks,ATL,0,0,,,,,,0,0,,,,,,1
0021900837,566,4,0,4,9:24 PM,10:52,,,Curry REBOUND (Off:0 Def:4),,,5,203552,Seth Curry,1610612742.0,Dallas,Mavericks,DAL,0,0,,,,,,0,0,,,,,,1
0021900837,567,6,1,4,9:24 PM,10:40,Reddish P.FOUL (P4.T1) (M.Myers),,,,,4,1629629,Cam Reddish,1610612737.0,Atlanta,Hawks,ATL,5,1628467,Maxi Kleber,1610612742.0,Dallas,Mavericks,DAL,1,0,,,,,,1
0021900837,569,6,2,4,9:25 PM,10:29,Carter S.FOUL (P2.T2) (R.Mott),,,,,4,1713,Vince Carter,1610612737.0,Atlanta,Hawks,ATL,5,1628382,Justin Jackson,1610612742.0,Dallas,Mavericks,DAL,1,0,,,,,,1
0021900837,571,3,11,4,9:25 PM,10:29,,,Jackson Free Throw 1 of 2 (9 PTS),89 - 77,-12,5,1628382,Justin Jackson,1610612742.0,Dallas,Mavericks,DAL,0,0,,,,,,0,0,,,,,,1
0021900837,572,3,12,4,9:25 PM,10:29,,,Jackson Free Throw 2 of 2 (10 PTS),90 - 77,-13,5,1628382,Justin Jackson,1610612742.0,Dallas,Mavericks,DAL,0,0,,,,,,0,0,,,,,,1
0021900837,573,1,101,4,9:25 PM,10:08,Teague 9' Driving Floating Jump Shot (7 PTS) (Young 7 AST),,,90 - 79,-11,4,201952,Jeff Teague,1610612737.0,Atlanta,Hawks,ATL,4,1629027,Trae Young,1610612737.0,Atlanta,Hawks,ATL,0,0,,,,,,1
0021900837,575,5,1,4,9:26 PM,9:55,Reddish STEAL (2 STL),,Barea Bad Pass Turnover (P4.T12),,,5,200826,J.J. Barea,1610612742.0,Dallas,Mavericks,DAL,4,1629629,Cam Reddish,1610612737.0,Atlanta,Hawks,ATL,0,0,,,,,,1
0021900837,577,1,9,4,9:26 PM,9:52,Reddish 1' Driving Dunk (20 PTS),,,90 - 81,-9,4,1629629,Cam Reddish,1610612737.0,Atlanta,Hawks,ATL,0,0,,,,,,0,0,,,,,,1
0021900837,578,2,1,4,9:26 PM,9:26,,,MISS Lee 25' 3PT Jump Shot,,,5,201584,Courtney Lee,1610612742.0,Dallas,Mavericks,DAL,0,0,,,,,,0,0,,,,,,1
0021900837,579,4,0,4,9:26 PM,9:23,Carter REBOUND (Off:0 Def:1),,,,,4,1713,Vince Carter,1610612737.0,Atlanta,Hawks,ATL,0,0,,,,,,0,0,,,,,,1
0021900837,580,2,101,4,9:26 PM,9:17,MISS Teague 8' Driving Floating Jump Shot,,,,,4,201952,Jeff Teague,1610612737.0,Atlanta,Hawks,ATL,0,0,,,,,,0,0,,,,,,1
0021900837,581,4,0,4,9:26 PM,9:15,Fernando REBOUND (Off:2 Def:2),,,,,4,1628981,Bruno Fernando,1610612737.0,Atlanta,Hawks,ATL,0,0,,,,,,0,0,,,,,,1
0021900837,582,1,72,4,9:26 PM,9:15,Fernando 1' Putback Layup (6 PTS),,,90 - 83,-7,4,1628981,Bruno Fernando,1610612737.0,Atlanta,Hawks,ATL,0,0,,,,,,0,0,,,,,,1
0021900837,583,6,2,4,9:26 PM,9:15,,,Kleber S.FOUL (P4.T1) (M.Myers),,,5,1628467,Maxi Kleber,1610612742.0,Dallas,Mavericks,DAL,4,1628981,Bruno Fernando,1610612737.0,Atlanta,Hawks,ATL,1,0,,,,,,1
0021900837,585,8,0,4,9:27 PM,9:15,SUB: Huerter FOR Teague,,,,,4,201952,Jeff Teague,1610612737.0,Atlanta,Hawks,ATL,4,1628989,Kevin Huerter,1610612737.0,Atlanta,Hawks,ATL,0,0,,,,,,0
0021900837,586,8,0,4,9:27 PM,9:15,SUB: Collins FOR Carter,,,,,4,1713,Vince Carter,1610612737.0,Atlanta,Hawks,ATL,4,1628381,John Collins,1610612737.0,Atlanta,Hawks,ATL,0,0,,,,,,0
0021900837,587,8,0,4,9:27 PM,9:15,,,SUB: Wright FOR Lee,,,5,201584,Courtney Lee,1610612742.0,Dallas,Mavericks,DAL,5,1626153,Delon Wright,1610612742.0,Dallas,Mavericks,DAL,0,0,,,,,,0
0021900837,591,3,10,4,9:27 PM,9:15,MISS Fernando Free Throw 1 of 1,,,,,4,1628981,Bruno Fernando,1610612737.0,Atlanta,Hawks,ATL,0,0,,,,,,0,0,,,,,,1
0021900837,592,4,0,4,9:27 PM,9:13,,,Kleber REBOUND (Off:2 Def:4),,,5,1628467,Maxi Kleber,1610612742.0,Dallas,Mavericks,DAL,0,0,,,,,,0,0,,,,,,1
0021900837,593,1,5,4,9:27 PM,8:55,,,Kleber 2' Layup (7 PTS) (Barea 5 AST),92 - 83,-9,5,1628467,Maxi Kleber,1610612742.0,Dallas,Mavericks,DAL,5,200826,J.J. Barea,1610612742.0,Dallas,Mavericks,DAL,0,0,,,,,,1
0021900837,595,2,1,4,9:27 PM,8:45,MISS Reddish 3PT Jump Shot,,,,,4,1629629,Cam Reddish,1610612737.0,Atlanta,Hawks,ATL,0,0,,,,,,0,0,,,,,,1
0021900837,596,4,0,4,9:27 PM,8:45,,,Mavericks Rebound,,,3,1610612742,,,,,,0,0,,,,,,0,0,,,,,,0
0021900837,597,6,3,4,9:28 PM,8:45,Fernando L.B.FOUL (P1.T3) (R.Mott),,,,,4,1628981,Bruno Fernando,1610612737.0,Atlanta,Hawks,ATL,5,1628382,Justin Jackson,1610612742.0,Dallas,Mavericks,DAL,1,0,,,,,,1
0021900837,599,8,0,4,9:28 PM,8:45,SUB: Dedmon FOR Fernando,,,,,4,1628981,Bruno Fernando,1610612737.0,Atlanta,Hawks,ATL,4,203473,Dewayne Dedmon,1610612737.0,Atlanta,Hawks,ATL,0,0,,,,,,0
0021900837,601,2,1,4,9:28 PM,8:32,,,MISS Kleber 3PT Jump Shot,,,5,1628467,Maxi Kleber,1610612742.0,Dallas,Mavericks,DAL,0,0,,,,,,0,0,,,,,,1
0021900837,602,4,0,4,9:28 PM,8:29,Dedmon REBOUND (Off:0 Def:8),,,,,4,203473,Dewayne Dedmon,1610612737.0,Atlanta,Hawks,ATL,0,0,,,,,,0,0,,,,,,1
0021900837,603,6,2,4,9:28 PM,8:24,,,Kleber S.FOUL (P5.T2) (R.Mott),,,5,1628467,Maxi Kleber,1610612742.0,Dallas,Mavericks,DAL,4,1628381,John Collins,1610612737.0,Atlanta,Hawks,ATL,1,0,,,,,,1
0021900837,605,3,11,4,9:29 PM,8:24,Collins Free Throw 1 of 2 (27 PTS),,,92 - 84,-8,4,1628381,John Collins,1610612737.0,Atlanta,Hawks,ATL,0,0,,,,,,0,0,,,,,,1
0021900837,610,3,12,4,9:29 PM,8:24,MISS Collins Free Throw 2 of 2,,,,,4,1628381,John Collins,1610612737.0,Atlanta,Hawks,ATL,0,0,,,,,,0,0,,,,,,1
0021900837,606,8,0,4,9:29 PM,8:24,,,SUB: Finney-Smith FOR Barea,,,5,200826,J.J. Barea,1610612742.0,Dallas,Mavericks,DAL,5,1627827,Dorian Finney-Smith,1610612742.0,Dallas,Mavericks,DAL,0,0,,,,,,0
0021900837,607,8,0,4,9:29 PM,8:24,,,SUB: Hardaway Jr. FOR Kleber,,,5,1628467,Maxi Kleber,1610612742.0,Dallas,Mavericks,DAL,5,203501,Tim Hardaway Jr.,1610612742.0,Dallas,Mavericks,DAL,0,0,,,,,,0
0021900837,611,4,0,4,9:29 PM,8:22,,,Jackson REBOUND (Off:0 Def:8),,,5,1628382,Justin Jackson,1610612742.0,Dallas,Mavericks,DAL,0,0,,,,,,0,0,,,,,,1
0021900837,612,5,39,4,9:29 PM,8:17,,,Hardaway Jr. Step Out of Bounds Turnover (P2.T13),,,5,203501,Tim Hardaway Jr.,1610612742.0,Dallas,Mavericks,DAL,0,0,,,,,,1,0,,,,,,1
0021900837,613,1,7,4,9:30 PM,8:04,Dedmon 1' Dunk (4 PTS) (Young 8 AST),,,92 - 86,-6,4,203473,Dewayne Dedmon,1610612737.0,Atlanta,Hawks,ATL,4,1629027,Trae Young,1610612737.0,Atlanta,Hawks,ATL,0,0,,,,,,1
0021900837,615,5,1,4,9:30 PM,7:44,Reddish STEAL (3 STL),,Wright Bad Pass Turnover (P1.T14),,,5,1626153,Delon Wright,1610612742.0,Dallas,Mavericks,DAL,4,1629629,Cam Reddish,1610612737.0,Atlanta,Hawks,ATL,0,0,,,,,,1
0021900837,617,1,43,4,9:30 PM,7:39,Collins 2' Alley Oop Layup (29 PTS) (Young 9 AST),,,92 - 88,-4,4,1628381,John Collins,1610612737.0,Atlanta,Hawks,ATL,4,1629027,Trae Young,1610612737.0,Atlanta,Hawks,ATL,0,0,,,,,,1
0021900837,619,9,1,4,9:30 PM,7:39,,,Mavericks Timeout: Regular (Reg.4 Short 0),,,3,1610612742,,,,,,0,0,,,,,,0,0,,,,,,0
0021900837,620,5,2,4,9:33 PM,7:16,Huerter STEAL (4 STL),,Wright Lost Ball Turnover (P2.T15),,,5,1626153,Delon Wright,1610612742.0,Dallas,Mavericks,DAL,4,1628989,Kevin Huerter,1610612737.0,Atlanta,Hawks,ATL,0,0,,,,,,1
0021900837,622,1,9,4,9:33 PM,7:13,Collins 2' Driving Dunk (31 PTS) (Huerter 6 AST),,,92 - 90,-2,4,1628381,John Collins,1610612737.0,Atlanta,Hawks,ATL,4,1628989,Kevin Huerter,1610612737.0,Atlanta,Hawks,ATL,0,0,,,,,,1
0021900837,624,6,1,4,9:34 PM,6:54,Collins P.FOUL (P1.T4) (R.Mott),,,,,4,1628381,John Collins,1610612737.0,Atlanta,Hawks,ATL,5,1628382,Justin Jackson,1610612742.0,Dallas,Mavericks,DAL,1,0,,,,,,1
0021900837,626,5,45,4,9:34 PM,6:40,,,Curry Out of Bounds - Bad Pass Turnover Turnover (P4.T16),,,5,203552,Seth Curry,1610612742.0,Dallas,Mavericks,DAL,0,0,,,,,,1,0,,,,,,1
0021900837,627,1,6,4,9:35 PM,6:33,Young 2' Driving Layup (14 PTS),,,92 - 92,TIE,4,1629027,Trae Young,1610612737.0,Atlanta,Hawks,ATL,0,0,,,,,,0,0,,,,,,1
0021900837,628,1,1,4,9:35 PM,6:21,,,Curry 26' 3PT Jump Shot (22 PTS) (Hardaway Jr. 5 AST),95 - 92,-3,5,203552,Seth Curry,1610612742.0,Dallas,Mavericks,DAL,5,203501,Tim Hardaway Jr.,1610612742.0,Dallas,Mavericks,DAL,0,0,,,,,,1
0021900837,630,2,79,4,9:35 PM,6:06,MISS Young 29' 3PT Pullup Jump Shot,,,,,4,1629027,Trae Young,1610612737.0,Atlanta,Hawks,ATL,0,0,,,,,,0,0,,,,,,1
0021900837,631,4,0,4,9:35 PM,6:06,,,Mavericks Rebound,,,3,1610612742,,,,,,0,0,,,,,,0,0,,,,,,0
0021900837,633,8,0,4,9:35 PM,6:06,,,SUB: Barea FOR Wright,,,5,1626153,Delon Wright,1610612742.0,Dallas,Mavericks,DAL,5,200826,J.J. Barea,1610612742.0,Dallas,Mavericks,DAL,0,0,,,,,,0
0021900837,635,2,79,4,9:35 PM,5:56,,,MISS Curry 27' 3PT Pullup Jump Shot,,,5,203552,Seth Curry,1610612742.0,Dallas,Mavericks,DAL,0,0,,,,,,0,0,,,,,,1
0021900837,636,4,0,4,9:36 PM,5:53,Dedmon REBOUND (Off:0 Def:9),,,,,4,203473,Dewayne Dedmon,1610612737.0,Atlanta,Hawks,ATL,0,0,,,,,,0,0,,,,,,1
0021900837,637,1,5,4,9:36 PM,5:44,Dedmon 1' Layup (6 PTS) (Young 10 AST),,,95 - 94,-1,4,203473,Dewayne Dedmon,1610612737.0,Atlanta,Hawks,ATL,4,1629027,Trae Young,1610612737.0,Atlanta,Hawks,ATL,0,0,,,,,,1
0021900837,639,2,1,4,9:36 PM,5:32,Dedmon BLOCK (2 BLK),,MISS Finney-Smith 25' 3PT Jump Shot,,,5,1627827,Dorian Finney-Smith,1610612742.0,Dallas,Mavericks,DAL,0,0,,,,,,4,203473,Dewayne Dedmon,1610612737.0,Atlanta,Hawks,ATL,1
0021900837,641,4,0,4,9:36 PM,5:29,Young REBOUND (Off:0 Def:4),,,,,4,1629027,Trae Young,1610612737.0,Atlanta,Hawks,ATL,0,0,,,,,,0,0,,,,,,1
0021900837,642,2,6,4,9:36 PM,5:27,MISS Young 1' Driving Layup,,,,,4,1629027,Trae Young,1610612737.0,Atlanta,Hawks,ATL,0,0,,,,,,0,0,,,,,,1
0021900837,643,4,0,4,9:36 PM,5:24,Dedmon REBOUND (Off:1 Def:9),,,,,4,203473,Dewayne Dedmon,1610612737.0,Atlanta,Hawks,ATL,0,0,,,,,,0,0,,,,,,1
0021900837,644,1,72,4,9:36 PM,5:24,Dedmon 1' Putback Layup (8 PTS),,,95 - 96,1,4,203473,Dewayne Dedmon,1610612737.0,Atlanta,Hawks,ATL,0,0,,,,,,0,0,,,,,,1
0021900837,645,9,1,4,9:36 PM,5:24,,,Mavericks Timeout: Regular (Reg.5 Short 0),,,3,1610612742,,,,,,0,0,,,,,,0,0,,,,,,0
0021900837,646,8,0,4,9:37 PM,5:24,,,SUB: Kleber FOR Jackson,,,5,1628382,Justin Jackson,1610612742.0,Dallas,Mavericks,DAL,5,1628467,Maxi Kleber,1610612742.0,Dallas,Mavericks,DAL,0,0,,,,,,0
0021900837,647,8,0,4,9:37 PM,5:24,,,SUB: Wright FOR Barea,,,5,200826,J.J. Barea,1610612742.0,Dallas,Mavericks,DAL,5,1626153,Delon Wright,1610612742.0,Dallas,Mavericks,DAL,0,0,,,,,,0
0021900837,650,1,1,4,9:39 PM,5:05,,,Hardaway Jr. 25' 3PT Jump Shot (26 PTS) (Curry 5 AST),98 - 96,-2,5,203501,Tim Hardaway Jr.,1610612742.0,Dallas,Mavericks,DAL,5,203552,Seth Curry,1610612742.0,Dallas,Mavericks,DAL,0,0,,,,,,1
0021900837,652,2,1,4,9:40 PM,4:49,MISS Dedmon 3PT Jump Shot,,,,,4,203473,Dewayne Dedmon,1610612737.0,Atlanta,Hawks,ATL,0,0,,,,,,0,0,,,,,,1
0021900837,653,4,0,4,9:40 PM,4:44,,,Finney-Smith REBOUND (Off:2 Def:3),,,5,1627827,Dorian Finney-Smith,1610612742.0,Dallas,Mavericks,DAL,0,0,,,,,,0,0,,,,,,1
0021900837,654,1,6,4,9:40 PM,4:27,,,Hardaway Jr. 2' Driving Layup (28 PTS),100 - 96,-4,5,203501,Tim Hardaway Jr.,1610612742.0,Dallas,Mavericks,DAL,0,0,,,,,,0,0,,,,,,1
0021900837,655,2,6,4,9:40 PM,4:11,MISS Young 1' Driving Layup,,Kleber BLOCK (5 BLK),,,4,1629027,Trae Young,1610612737.0,Atlanta,Hawks,ATL,0,0,,,,,,5,1628467,Maxi Kleber,1610612742.0,Dallas,Mavericks,DAL,1
0021900837,657,4,0,4,9:40 PM,4:09,,,Curry REBOUND (Off:0 Def:5),,,5,203552,Seth Curry,1610612742.0,Dallas,Mavericks,DAL,0,0,,,,,,0,0,,,,,,1
0021900837,658,2,1,4,9:40 PM,4:06,,,MISS Hardaway Jr. 25' 3PT Jump Shot,,,5,203501,Tim Hardaway Jr.,1610612742.0,Dallas,Mavericks,DAL,0,0,,,,,,0,0,,,,,,1
0021900837,659,4,0,4,9:40 PM,4:03,Dedmon REBOUND (Off:1 Def:10),,,,,4,203473,Dewayne Dedmon,1610612737.0,Atlanta,Hawks,ATL,0,0,,,,,,0,0,,,,,,1
0021900837,660,1,80,4,9:40 PM,4:00,Young 26' 3PT Step Back Jump Shot (17 PTS),,,100 - 99,-1,4,1629027,Trae Young,1610612737.0,Atlanta,Hawks,ATL,0,0,,,,,,0,0,,,,,,1
0021900837,661,2,5,4,9:41 PM,3:32,Collins BLOCK (2 BLK),,MISS Kleber 4' Layup,,,5,1628467,Maxi Kleber,1610612742.0,Dallas,Mavericks,DAL,0,0,,,,,,4,1628381,John Collins,1610612737.0,Atlanta,Hawks,ATL,1
0021900837,663,4,0,4,9:41 PM,3:29,,,Kleber REBOUND (Off:3 Def:4),,,5,1628467,Maxi Kleber,1610612742.0,Dallas,Mavericks,DAL,0,0,,,,,,0,0,,,,,,1
0021900837,664,1,63,4,9:41 PM,3:28,,,Kleber 12' Fadeaway Jumper (9 PTS),102 - 99,-3,5,1628467,Maxi Kleber,1610612742.0,Dallas,Mavericks,DAL,0,0,,,,,,0,0,,,,,,1
0021900837,665,9,1,4,9:41 PM,3:21,HAWKS Timeout: Regular (Full 5 Short 0),,,,,2,1610612737,,,,,,0,0,,,,,,0,0,,,,,,0
0021900837,666,2,1,4,9:43 PM,3:08,MISS Huerter 29' 3PT Jump Shot,,,,,4,1628989,Kevin Huerter,1610612737.0,Atlanta,Hawks,ATL,0,0,,,,,,0,0,,,,,,1
0021900837,667,4,0,4,9:43 PM,3:04,Collins REBOUND (Off:3 Def:12),,,,,4,1628381,John Collins,1610612737.0,Atlanta,Hawks,ATL,0,0,,,,,,0,0,,,,,,1
0021900837,668,1,1,4,9:43 PM,3:00,Young 33' 3PT Jump Shot (20 PTS) (Collins 2 AST),,,102 - 102,TIE,4,1629027,Trae Young,1610612737.0,Atlanta,Hawks,ATL,4,1628381,John Collins,1610612737.0,Atlanta,Hawks,ATL,0,0,,,,,,1
0021900837,670,2,101,4,9:43 PM,2:40,,,MISS Curry 8' Driving Floating Jump Shot,,,5,203552,Seth Curry,1610612742.0,Dallas,Mavericks,DAL,0,0,,,,,,0,0,,,,,,1
0021900837,671,4,0,4,9:43 PM,2:38,Young REBOUND (Off:0 Def:5),,,,,4,1629027,Trae Young,1610612737.0,Atlanta,Hawks,ATL,0,0,,,,,,0,0,,,,,,1
0021900837,672,2,1,4,9:44 PM,2:28,MISS Dedmon 25' 3PT Jump Shot,,,,,4,203473,Dewayne Dedmon,1610612737.0,Atlanta,Hawks,ATL,0,0,,,,,,0,0,,,,,,1
0021900837,673,4,0,4,9:44 PM,2:25,,,Hardaway Jr. REBOUND (Off:0 Def:4),,,5,203501,Tim Hardaway Jr.,1610612742.0,Dallas,Mavericks,DAL,0,0,,,,,,0,0,,,,,,1
0021900837,674,6,2,4,9:44 PM,2:17,Reddish S.FOUL (P5.PN) (R.Mott),,,,,4,1629629,Cam Reddish,1610612737.0,Atlanta,Hawks,ATL,5,203501,Tim Hardaway Jr.,1610612742.0,Dallas,Mavericks,DAL,1,0,,,,,,1
0021900837,676,3,11,4,9:44 PM,2:17,,,Hardaway Jr. Free Throw 1 of 2 (29 PTS),103 - 102,-1,5,203501,Tim Hardaway Jr.,1610612742.0,Dallas,Mavericks,DAL,0,0,,,,,,0,0,,,,,,1
0021900837,677,3,12,4,9:44 PM,2:17,,,MISS Hardaway Jr. Free Throw 2 of 2,,,5,203501,Tim Hardaway Jr.,1610612742.0,Dallas,Mavericks,DAL,0,0,,,,,,0,0,,,,,,1
0021900837,678,4,0,4,9:44 PM,2:12,,,Kleber REBOUND (Off:4 Def:4),,,5,1628467,Maxi Kleber,1610612742.0,Dallas,Mavericks,DAL,0,0,,,,,,0,0,,,,,,1
0021900837,679,6,2,4,9:45 PM,2:11,Dedmon S.FOUL (P5.PN) (D.Collins),,,,,4,203473,Dewayne Dedmon,1610612737.0,Atlanta,Hawks,ATL,5,203501,Tim Hardaway Jr.,1610612742.0,Dallas,Mavericks,DAL,1,0,,,,,,1
0021900837,681,3,11,4,9:45 PM,2:11,,,MISS Hardaway Jr. Free Throw 1 of 2,,,5,203501,Tim Hardaway Jr.,1610612742.0,Dallas,Mavericks,DAL,0,0,,,,,,0,0,,,,,,1
0021900837,682,4,1,4,9:45 PM,2:11,,,Mavericks Rebound,,,3,1610612742,,,,,,0,0,,,,,,0,0,,,,,,0
0021900837,683,3,12,4,9:45 PM,2:11,,,Hardaway Jr. Free Throw 2 of 2 (30 PTS),104 - 102,-2,5,203501,Tim Hardaway Jr.,1610612742.0,Dallas,Mavericks,DAL,0,0,,,,,,0,0,,,,,,1
0021900837,684,1,79,4,9:46 PM,1:53,Young 28' 3PT Pullup Jump Shot (23 PTS) (Reddish 3 AST),,,104 - 105,1,4,1629027,Trae Young,1610612737.0,Atlanta,Hawks,ATL,4,1629629,Cam Reddish,1610612737.0,Atlanta,Hawks,ATL,0,0,,,,,,1
0021900837,685,6,2,4,9:46 PM,1:53,,,Finney-Smith S.FOUL (P3.T3) (M.Myers),,,5,1627827,Dorian Finney-Smith,1610612742.0,Dallas,Mavericks,DAL,4,1629027,Trae Young,1610612737.0,Atlanta,Hawks,ATL,1,0,,,,,,1
0021900837,688,3,10,4,9:46 PM,1:53,MISS Young Free Throw 1 of 1,,,,,4,1629027,Trae Young,1610612737.0,Atlanta,Hawks,ATL,0,0,,,,,,0,0,,,,,,1
0021900837,689,4,0,4,9:46 PM,1:47,,,Wright REBOUND (Off:0 Def:4),,,5,1626153,Delon Wright,1610612742.0,Dallas,Mavericks,DAL,0,0,,,,,,0,0,,,,,,1
0021900837,690,2,1,4,9:47 PM,1:38,,,MISS Kleber 24' 3PT Jump Shot,,,5,1628467,Maxi Kleber,1610612742.0,Dallas,Mavericks,DAL,0,0,,,,,,0,0,,,,,,1
0021900837,691,4,0,4,9:47 PM,1:35,Young REBOUND (Off:0 Def:6),,,,,4,1629027,Trae Young,1610612737.0,Atlanta,Hawks,ATL,0,0,,,,,,0,0,,,,,,1
0021900837,692,2,80,4,9:47 PM,1:17,MISS Young 37' 3PT Step Back Jump Shot,,,,,4,1629027,Trae Young,1610612737.0,Atlanta,Hawks,ATL,0,0,,,,,,0,0,,,,,,1
0021900837,693,4,0,4,9:47 PM,1:14,Collins REBOUND (Off:4 Def:12),,,,,4,1628381,John Collins,1610612737.0,Atlanta,Hawks,ATL,0,0,,,,,,0,0,,,,,,1
0021900837,694,6,2,4,9:47 PM,1:13,,,Kleber S.FOUL (P6.PN) (R.Mott),,,5,1628467,Maxi Kleber,1610612742.0,Dallas,Mavericks,DAL,4,1628381,John Collins,1610612737.0,Atlanta,Hawks,ATL,1,0,,,,,,1
0021900837,696,8,0,4,9:47 PM,1:13,,,SUB: Jackson FOR Kleber,,,5,1628467,Maxi Kleber,1610612742.0,Dallas,Mavericks,DAL,5,1628382,Justin Jackson,1610612742.0,Dallas,Mavericks,DAL,0,0,,,,,,0
0021900837,698,3,11,4,9:48 PM,1:13,Collins Free Throw 1 of 2 (32 PTS),,,104 - 106,2,4,1628381,John Collins,1610612737.0,Atlanta,Hawks,ATL,0,0,,,,,,0,0,,,,,,1
0021900837,699,3,12,4,9:48 PM,1:13,Collins Free Throw 2 of 2 (33 PTS),,,104 - 107,3,4,1628381,John Collins,1610612737.0,Atlanta,Hawks,ATL,0,0,,,,,,0,0,,,,,,1
0021900837,700,9,1,4,9:48 PM,1:13,,,Mavericks Timeout: Regular (Reg.6 Short 0),,,3,1610612742,,,,,,0,0,,,,,,0,0,,,,,,0
0021900837,701,1,79,4,9:50 PM,1:08,,,Hardaway Jr. 26' 3PT Pullup Jump Shot (33 PTS),107 - 107,TIE,5,203501,Tim Hardaway Jr.,1610612742.0,Dallas,Mavericks,DAL,0,0,,,,,,0,0,,,,,,1
0021900837,702,1,6,4,9:50 PM,0:57,Young 1' Driving Layup (25 PTS),,,107 - 109,2,4,1629027,Trae Young,1610612737.0,Atlanta,Hawks,ATL,0,0,,,,,,0,0,,,,,,1
0021900837,703,2,6,4,9:51 PM,0:39,,,MISS Hardaway Jr. 1' Driving Layup,,,5,203501,Tim Hardaway Jr.,1610612742.0,Dallas,Mavericks,DAL,0,0,,,,,,0,0,,,,,,1
0021900837,704,4,0,4,9:51 PM,0:36,,,Mavericks Rebound,,,3,1610612742,,,,,,0,0,,,,,,0,0,,,,,,0
0021900837,706,18,1,4,9:51 PM,0:36,,Instant Replay4th Period (9:51 PM EST),,107 - 109,2,0,703,Kurt Thomas,,,,,0,0,,,,,,1,0,,,,,,0
0021900837,707,2,1,4,9:54 PM,0:36,,,MISS Hardaway Jr. 14' Jump Shot,,,5,203501,Tim Hardaway Jr.,1610612742.0,Dallas,Mavericks,DAL,0,0,,,,,,0,0,,,,,,1
0021900837,708,4,0,4,9:55 PM,0:32,Dedmon REBOUND (Off:1 Def:11),,,,,4,203473,Dewayne Dedmon,1610612737.0,Atlanta,Hawks,ATL,0,0,,,,,,0,0,,,,,,1
0021900837,712,18,1,4,9:57 PM,0:08,,Instant Replay4th Period (9:57 PM EST),,107 - 109,2,0,723,Clint McDaniel,,,,,0,0,,,,,,1,0,,,,,,0
0021900837,713,2,6,4,9:59 PM,0:08,MISS Young 5' Driving Layup,,Finney-Smith BLOCK (2 BLK),,,4,1629027,Trae Young,1610612737.0,Atlanta,Hawks,ATL,0,0,,,,,,5,1627827,Dorian Finney-Smith,1610612742.0,Dallas,Mavericks,DAL,1
0021900837,715,4,0,4,9:59 PM,0:08,Collins REBOUND (Off:5 Def:12),,,,,4,1628381,John Collins,1610612737.0,Atlanta,Hawks,ATL,0,0,,,,,,0,0,,,,,,1
0021900837,716,1,97,4,9:59 PM,0:08,Collins 1' Tip Layup Shot (35 PTS),,,107 - 111,4,4,1628381,John Collins,1610612737.0,Atlanta,Hawks,ATL,0,0,,,,,,0,0,,,,,,1
0021900837,717,9,1,4,10:00 PM,0:08,,,Mavericks Timeout: Regular (Reg.7 Short 0),,,3,1610612742,,,,,,0,0,,,,,,0,0,,,,,,0
0021900837,718,2,80,4,10:01 PM,0:04,,,MISS Hardaway Jr. 26' 3PT Step Back Jump Shot,,,5,203501,Tim Hardaway Jr.,1610612742.0,Dallas,Mavericks,DAL,0,0,,,,,,0,0,,,,,,1
0021900837,719,4,0,4,10:01 PM,0:00,,,Curry REBOUND (Off:1 Def:5),,,5,203552,Seth Curry,1610612742.0,Dallas,Mavericks,DAL,0,0,,,,,,0,0,,,,,,1
0021900837,720,13,0,4,10:01 PM,0:00,,End of 4th Period (10:01 PM EST),,107 - 111,4,0,0,,,,,,0,0,,,,,,0,0,,,,,,1
