GAME_ID,EVENTNUM,EVENTMSGTYPE,EVENTMSGACTIONTYPE,PERIOD,WCTIMESTRING,PCTIMESTRING,HOMEDESCRIPTION,NEUTRALDESCRIPTION,VISITORDESCRIPTION,SCORE,SCOREMARGIN,PERSON1TYPE,PLAYER1_ID,PLAYER1_NAME,PLAYER1_TEAM_ID,PLAYER1_TEAM_CITY,PLAYER1_TEAM_NICKNAME,PLAYER1_TEAM_ABBREVIATION,PERSON2TYPE,PLAYER2_ID,PLAYER2_NAME,PLAYER2_TEAM_ID,PLAYER2_TEAM_CITY,PLAYER2_TEAM_NICKNAME,PLAYER2_TEAM_ABBREVIATION,PERSON3TYPE,PLAYER3_ID,PLAYER3_NAME,PLAYER3_TEAM_ID,PLAYER3_TEAM_CITY,PLAYER3_TEAM_NICKNAME,PLAYER3_TEAM_ABBREVIATION,VIDEO_AVAILABLE_FLAG
0022100232,2,12,0,1,7:46 PM,12:00,,Start of 1st Period (7:46 PM EST),,,,0,0,,,,,,0,0,,,,,,0,0,,,,,,0
0022100232,4,10,0,1,7:46 PM,12:00,Jump Ball Horford vs. Davis: Tip to James,,,,,4,201143,Al Horford,1610612738.0,Boston,Celtics,BOS,5,203076,Anthony Davis,1610612747.0,Los Angeles,Lakers,LAL,5,2544,LeBron James,1610612747.0,Los Angeles,Lakers,LAL,1
0022100232,7,6,2,1,7:46 PM,11:44,Tatum S.FOUL (P1.T1) (R.Acosta),,,,,4,1628369,Jayson Tatum,1610612738.0,Boston,Celtics,BOS,5,203076,Anthony Davis,1610612747.0,Los Angeles,Lakers,LAL,1,0,,,,,,1
0022100232,9,3,11,1,7:47 PM,11:44,,,Davis Free Throw 1 of 2 (1 PTS),1 - 0,-1,5,203076,Anthony Davis,1610612747.0,Los Angeles,Lakers,LAL,0,0,,,,,,0,0,,,,,,1
0022100232,10,3,12,1,7:47 PM,11:44,,,Davis Free Throw 2 of 2 (2 PTS),2 - 0,-2,5,203076,Anthony Davis,1610612747.0,Los Angeles,Lakers,LAL,0,0,,,,,,0,0,,,,,,1
0022100232,11,5,1,1,7:47 PM,11:34,Schroder Bad Pass Turnover (P1.T1),,Bradley STEAL (1 STL),,,4,203471,Dennis Schröder,1610612738.0,Boston,Celtics,BOS,5,202340,Avery Bradley,1610612747.0,Los Angeles,Lakers,LAL,0,0,,,,,,1
0022100232,13,1,41,1,7:47 PM,11:30,,,Davis 6' Running Layup (4 PTS) (Westbrook 1 AST),4 - 0,-4,5,203076,Anthony Davis,1610612747.0,Los Angeles,Lakers,LAL,5,201566,Russell Westbrook,1610612747.0,Los Angeles,Lakers,LAL,0,0,,,,,,1
0022100232,15,1,47,1,7:47 PM,11:17,Tatum 26' 3PT Turnaround Jump Shot (3 PTS) (Smart 1 AST),,,4 - 3,-1,4,1628369,Jayson Tatum,1610612738.0,Boston,Celtics,BOS,4,203935,Marcus Smart,1610612738.0,Boston,Celtics,BOS,0,0,,,,,,1
0022100232,16,2,1,1,7:48 PM,10:58,,,MISS Davis 3PT Jump Shot,,,5,203076,Anthony Davis,1610612747.0,Los Angeles,Lakers,LAL,0,0,,,,,,0,0,,,,,,1
0022100232,17,4,0,1,7:48 PM,10:57,Schroder REBOUND (Off:0 Def:1),,,,,4,203471,Dennis Schröder,1610612738.0,Boston,Celtics,BOS,0,0,,,,,,0,0,,,,,,1
0022100232,19,1,57,1,7:48 PM,10:41,Horford 14' Driving Hook Shot (2 PTS) (Schroder 1 AST),,,4 - 5,1,4,201143,Al Horford,1610612738.0,Boston,Celtics,BOS,4,203471,Dennis Schröder,1610612738.0,Boston,Celtics,BOS,0,0,,,,,,1
0022100232,21,1,6,1,7:48 PM,10:29,,,Davis 1' Driving Layup (6 PTS),6 - 5,-1,5,203076,Anthony Davis,1610612747.0,Los Angeles,Lakers,LAL,0,0,,,,,,0,0,,,,,,1
0022100232,22,2,73,1,7:48 PM,10:16,MISS Tatum 3' Driving Reverse Layup,,,,,4,1628369,Jayson Tatum,1610612738.0,Boston,Celtics,BOS,0,0,,,,,,0,0,,,,,,1
0022100232,23,4,0,1,7:48 PM,10:14,,,James REBOUND (Off:0 Def:1),,,5,2544,LeBron James,1610612747.0,Los Angeles,Lakers,LAL,0,0,,,,,,0,0,,,,,,1
0022100232,24,1,1,1,7:49 PM,10:10,,,Bradley 3PT Jump Shot (3 PTS) (Westbrook 2 AST),9 - 5,-4,5,202340,Avery Bradley,1610612747.0,Los Angeles,Lakers,LAL,5,201566,Russell Westbrook,1610612747.0,Los Angeles,Lakers,LAL,0,0,,,,,,1
0022100232,26,2,1,1,7:49 PM,9:45,MISS Tatum 27' 3PT Jump Shot,,,,,4,1628369,Jayson Tatum,1610612738.0,Boston,Celtics,BOS,0,0,,,,,,0,0,,,,,,1
0022100232,27,4,0,1,7:49 PM,9:43,Schroder REBOUND (Off:1 Def:1),,,,,4,203471,Dennis Schröder,1610612738.0,Boston,Celtics,BOS,0,0,,,,,,0,0,,,,,,1
0022100232,28,2,1,1,7:49 PM,9:41,MISS Schroder 28' 3PT Jump Shot,,,,,4,203471,Dennis Schröder,1610612738.0,Boston,Celtics,BOS,0,0,,,,,,0,0,,,,,,1
0022100232,29,4,0,1,7:49 PM,9:39,,,Bradley REBOUND (Off:0 Def:1),,,5,202340,Avery Bradley,1610612747.0,Los Angeles,Lakers,LAL,0,0,,,,,,0,0,,,,,,1
0022100232,30,1,108,1,7:49 PM,9:29,,,James 2' Cutting Dunk Shot (2 PTS) (Horton-Tucker 1 AST),11 - 5,-6,5,2544,LeBron James,1610612747.0,Los Angeles,Lakers,LAL,5,1629659,Talen Horton-Tucker,1610612747.0,Los Angeles,Lakers,LAL,0,0,,,,,,1
0022100232,32,9,1,1,7:49 PM,9:28,CELTICS Timeout: Regular (Full 1 Short 0),,,,,2,1610612738,,,,,,0,0,,,,,,0,0,,,,,,0
0022100232,33,1,99,1,7:53 PM,9:13,Smart 4' Cutting Finger Roll Layup Shot (2 PTS) (Horford 1 AST),,,11 - 7,-4,4,203935,Marcus Smart,1610612738.0,Boston,Celtics,BOS,4,201143,Al Horford,1610612738.0,Boston,Celtics,BOS,0,0,,,,,,1
0022100232,35,5,2,1,7:53 PM,8:56,Smart STEAL (1 STL),,Davis Lost Ball Turnover (P1.T1),,,5,203076,Anthony Davis,1610612747.0,Los Angeles,Lakers,LAL,4,203935,Marcus Smart,1610612738.0,Boston,Celtics,BOS,0,0,,,,,,1
0022100232,37,2,1,1,7:53 PM,8:51,MISS Tatum 26' 3PT Jump Shot,,,,,4,1628369,Jayson Tatum,1610612738.0,Boston,Celtics,BOS,0,0,,,,,,0,0,,,,,,1
0022100232,38,4,0,1,7:53 PM,8:46,,,Westbrook REBOUND (Off:0 Def:1),,,5,201566,Russell Westbrook,1610612747.0,Los Angeles,Lakers,LAL,0,0,,,,,,0,0,,,,,,1
0022100232,40,6,2,1,7:53 PM,8:42,Schroder S.FOUL (P1.T2) (R.Acosta),,,,,4,203471,Dennis Schröder,1610612738.0,Boston,Celtics,BOS,5,201566,Russell Westbrook,1610612747.0,Los Angeles,Lakers,LAL,1,0,,,,,,1
0022100232,42,3,11,1,7:54 PM,8:42,,,Westbrook Free Throw 1 of 2 (1 PTS),12 - 7,-5,5,201566,Russell Westbrook,1610612747.0,Los Angeles,Lakers,LAL,0,0,,,,,,0,0,,,,,,1
0022100232,43,3,12,1,7:54 PM,8:42,,,MISS Westbrook Free Throw 2 of 2,,,5,201566,Russell Westbrook,1610612747.0,Los Angeles,Lakers,LAL,0,0,,,,,,0,0,,,,,,1
0022100232,44,4,0,1,7:54 PM,8:40,Tatum REBOUND (Off:0 Def:1),,,,,4,1628369,Jayson Tatum,1610612738.0,Boston,Celtics,BOS,0,0,,,,,,0,0,,,,,,1
0022100232,47,5,1,1,7:54 PM,8:21,Schroder Bad Pass Turnover (P2.T2),,James STEAL (1 STL),,,4,203471,Dennis Schröder,1610612738.0,Boston,Celtics,BOS,5,2544,LeBron James,1610612747.0,Los Angeles,Lakers,LAL,0,0,,,,,,1
0022100232,49,6,2,1,7:55 PM,8:17,Williams S.FOUL (P1.T3) (T.Ford),,,,,4,1629684,Grant Williams,1610612738.0,Boston,Celtics,BOS,5,203076,Anthony Davis,1610612747.0,Los Angeles,Lakers,LAL,1,0,,,,,,1
0022100232,51,3,11,1,7:55 PM,8:17,,,MISS Davis Free Throw 1 of 2,,,5,203076,Anthony Davis,1610612747.0,Los Angeles,Lakers,LAL,0,0,,,,,,0,0,,,,,,1
0022100232,52,4,1,1,7:55 PM,8:17,,,Lakers Rebound,,,3,1610612747,,,,,,0,0,,,,,,0,0,,,,,,0
0022100232,53,3,12,1,7:55 PM,8:17,,,Davis Free Throw 2 of 2 (7 PTS),13 - 7,-6,5,203076,Anthony Davis,1610612747.0,Los Angeles,Lakers,LAL,0,0,,,,,,0,0,,,,,,1
0022100232,55,2,1,1,7:56 PM,7:55,MISS Williams 3PT Jump Shot,,,,,4,1629684,Grant Williams,1610612738.0,Boston,Celtics,BOS,0,0,,,,,,0,0,,,,,,1
0022100232,56,4,0,1,7:56 PM,7:54,,,Davis REBOUND (Off:0 Def:1),,,5,203076,Anthony Davis,1610612747.0,Los Angeles,Lakers,LAL,0,0,,,,,,0,0,,,,,,1
0022100232,57,6,1,1,7:56 PM,7:47,Horford P.FOUL (P1.T4) (R.Acosta),,,,,4,201143,Al Horford,1610612738.0,Boston,Celtics,BOS,5,203076,Anthony Davis,1610612747.0,Los Angeles,Lakers,LAL,1,0,,,,,,1
0022100232,59,2,47,1,7:57 PM,7:32,,,MISS Davis 18' Turnaround Jump Shot,,,5,203076,Anthony Davis,1610612747.0,Los Angeles,Lakers,LAL,0,0,,,,,,0,0,,,,,,1
0022100232,60,4,0,1,7:57 PM,7:30,Horford REBOUND (Off:0 Def:1),,,,,4,201143,Al Horford,1610612738.0,Boston,Celtics,BOS,0,0,,,,,,0,0,,,,,,1
0022100232,61,1,6,1,7:57 PM,7:22,Schroder 2' Driving Layup (2 PTS),,,13 - 9,-4,4,203471,Dennis Schröder,1610612738.0,Boston,Celtics,BOS,0,0,,,,,,0,0,,,,,,1
0022100232,63,1,1,1,7:57 PM,7:13,,,James 31' 3PT Jump Shot (5 PTS) (Westbrook 3 AST),16 - 9,-7,5,2544,LeBron James,1610612747.0,Los Angeles,Lakers,LAL,5,201566,Russell Westbrook,1610612747.0,Los Angeles,Lakers,LAL,0,0,,,,,,1
0022100232,64,2,1,1,7:58 PM,6:59,MISS Tatum 27' 3PT Jump Shot,,,,,4,1628369,Jayson Tatum,1610612738.0,Boston,Celtics,BOS,0,0,,,,,,0,0,,,,,,1
0022100232,65,4,0,1,7:58 PM,6:58,,,Bradley REBOUND (Off:0 Def:2),,,5,202340,Avery Bradley,1610612747.0,Los Angeles,Lakers,LAL,0,0,,,,,,0,0,,,,,,1
0022100232,66,1,44,1,7:58 PM,6:51,,,Davis 2' Reverse Layup (9 PTS) (Westbrook 4 AST),18 - 9,-9,5,203076,Anthony Davis,1610612747.0,Los Angeles,Lakers,LAL,5,201566,Russell Westbrook,1610612747.0,Los Angeles,Lakers,LAL,0,0,,,,,,1
0022100232,68,9,1,1,7:58 PM,6:51,CELTICS Timeout: Regular (Full 2 Short 0),,,,,2,1610612738,,,,,,0,0,,,,,,0,0,,,,,,0
0022100232,70,6,1,1,8:02 PM,6:31,,,Westbrook P.FOUL (P1.T1) (S.Wright),,,5,201566,Russell Westbrook,1610612747.0,Los Angeles,Lakers,LAL,4,201143,Al Horford,1610612738.0,Boston,Celtics,BOS,1,0,,,,,,1
0022100232,139,5,39,1,8:02 PM,6:24,Horford Step Out of Bounds Turnover (P1.T3),,,,,4,201143,Al Horford,1610612738.0,Boston,Celtics,BOS,0,0,,,,,,1,0,,,,,,1
0022100232,351,18,1,1,8:02 PM,6:24,,Instant Replay1st Period (8:02 PM EST),,18 - 9,-9,0,0,,,,,,0,0,,,,,,1,0,,,,,,0
0022100232,74,6,1,1,8:02 PM,6:13,Tatum P.FOUL (P2.PN) (T.Ford),,,,,4,1628369,Jayson Tatum,1610612738.0,Boston,Celtics,BOS,5,1629659,Talen Horton-Tucker,1610612747.0,Los Angeles,Lakers,LAL,1,0,,,,,,1
0022100232,76,3,11,1,8:03 PM,6:13,,,Horton-Tucker Free Throw 1 of 2 (1 PTS),19 - 9,-10,5,1629659,Talen Horton-Tucker,1610612747.0,Los Angeles,Lakers,LAL,0,0,,,,,,0,0,,,,,,1
0022100232,77,8,0,1,8:03 PM,6:13,SUB: Langford FOR Smart,,,,,4,203935,Marcus Smart,1610612738.0,Boston,Celtics,BOS,4,1629641,Romeo Langford,1610612738.0,Boston,Celtics,BOS,0,0,,,,,,0
0022100232,78,8,0,1,8:03 PM,6:13,SUB: Richardson FOR Tatum,,,,,4,1628369,Jayson Tatum,1610612738.0,Boston,Celtics,BOS,4,1626196,Josh Richardson,1610612738.0,Boston,Celtics,BOS,0,0,,,,,,0
0022100232,81,3,12,1,8:03 PM,6:13,,,Horton-Tucker Free Throw 2 of 2 (2 PTS),20 - 9,-11,5,1629659,Talen Horton-Tucker,1610612747.0,Los Angeles,Lakers,LAL,0,0,,,,,,0,0,,,,,,1
0022100232,82,1,1,1,8:03 PM,6:02,Schroder 28' 3PT Jump Shot (5 PTS) (Horford 2 AST),,,20 - 12,-8,4,203471,Dennis Schröder,1610612738.0,Boston,Celtics,BOS,4,201143,Al Horford,1610612738.0,Boston,Celtics,BOS,0,0,,,,,,1
0022100232,84,1,86,1,8:04 PM,5:47,,,James 14' Turnaround Fadeaway (7 PTS),22 - 12,-10,5,2544,LeBron James,1610612747.0,Los Angeles,Lakers,LAL,0,0,,,,,,0,0,,,,,,1
0022100232,85,6,26,1,8:04 PM,5:34,Schroder Offensive Charge Foul (P2) (T.Ford),,,,,4,203471,Dennis Schröder,1610612738.0,Boston,Celtics,BOS,5,2544,LeBron James,1610612747.0,Los Angeles,Lakers,LAL,1,0,,,,,,1
0022100232,87,5,37,1,8:04 PM,5:34,Schroder Offensive Foul Turnover (P3.T4),,,,,4,203471,Dennis Schröder,1610612738.0,Boston,Celtics,BOS,0,0,,,,,,1,0,,,,,,1
0022100232,88,8,0,1,8:04 PM,5:34,SUB: Pritchard FOR Schroder,,,,,4,203471,Dennis Schröder,1610612738.0,Boston,Celtics,BOS,4,1630202,Payton Pritchard,1610612738.0,Boston,Celtics,BOS,0,0,,,,,,0
0022100232,90,1,9,1,8:04 PM,5:21,,,Davis 1' Driving Dunk (11 PTS),24 - 12,-12,5,203076,Anthony Davis,1610612747.0,Los Angeles,Lakers,LAL,0,0,,,,,,0,0,,,,,,1
0022100232,92,6,1,1,8:05 PM,5:04,,,James P.FOUL (P1.T2) (T.Ford),,,5,2544,LeBron James,1610612747.0,Los Angeles,Lakers,LAL,4,1629684,Grant Williams,1610612738.0,Boston,Celtics,BOS,1,0,,,,,,1
0022100232,94,8,0,1,8:05 PM,5:04,SUB: Kanter FOR Horford,,,,,4,201143,Al Horford,1610612738.0,Boston,Celtics,BOS,4,202683,Enes Freedom,1610612738.0,Boston,Celtics,BOS,0,0,,,,,,0
0022100232,95,8,0,1,8:05 PM,5:04,,,SUB: Anthony FOR Horton-Tucker,,,5,1629659,Talen Horton-Tucker,1610612747.0,Los Angeles,Lakers,LAL,5,2546,Carmelo Anthony,1610612747.0,Los Angeles,Lakers,LAL,0,0,,,,,,0
0022100232,96,8,0,1,8:05 PM,5:04,,,SUB: Monk FOR James,,,5,2544,LeBron James,1610612747.0,Los Angeles,Lakers,LAL,5,1628370,Malik Monk,1610612747.0,Los Angeles,Lakers,LAL,0,0,,,,,,0
0022100232,100,1,79,1,8:05 PM,5:01,Richardson 17' Pullup Jump Shot (2 PTS) (Williams 1 AST),,,24 - 14,-10,4,1626196,Josh Richardson,1610612738.0,Boston,Celtics,BOS,4,1629684,Grant Williams,1610612738.0,Boston,Celtics,BOS,0,0,,,,,,1
0022100232,102,2,1,1,8:06 PM,4:47,,,MISS Anthony 27' 3PT Jump Shot,,,5,2546,Carmelo Anthony,1610612747.0,Los Angeles,Lakers,LAL,0,0,,,,,,0,0,,,,,,1
0022100232,103,4,0,1,8:06 PM,4:45,Kanter REBOUND (Off:0 Def:1),,,,,4,202683,Enes Freedom,1610612738.0,Boston,Celtics,BOS,0,0,,,,,,0,0,,,,,,1
0022100232,118,5,1,1,8:06 PM,4:45,Kanter Bad Pass Turnover (P1.T5),,Westbrook STEAL (1 STL),,,4,202683,Enes Freedom,1610612738.0,Boston,Celtics,BOS,5,201566,Russell Westbrook,1610612747.0,Los Angeles,Lakers,LAL,0,0,,,,,,1
0022100232,104,1,5,1,8:06 PM,4:41,,,Westbrook 2' Layup (3 PTS),26 - 14,-12,5,201566,Russell Westbrook,1610612747.0,Los Angeles,Lakers,LAL,0,0,,,,,,0,0,,,,,,1
0022100232,105,5,45,1,8:06 PM,4:28,Langford Out of Bounds - Bad Pass Turnover Turnover (P1.T6),,,,,4,1629641,Romeo Langford,1610612738.0,Boston,Celtics,BOS,0,0,,,,,,1,0,,,,,,1
0022100232,106,2,1,1,8:06 PM,4:17,,,MISS Davis 22' Jump Shot,,,5,203076,Anthony Davis,1610612747.0,Los Angeles,Lakers,LAL,0,0,,,,,,0,0,,,,,,1
0022100232,107,4,0,1,8:06 PM,4:13,Williams REBOUND (Off:0 Def:1),,,,,4,1629684,Grant Williams,1610612738.0,Boston,Celtics,BOS,0,0,,,,,,0,0,,,,,,1
0022100232,108,2,5,1,8:07 PM,4:00,MISS Kanter 3' Layup,,Anthony BLOCK (1 BLK),,,4,202683,Enes Freedom,1610612738.0,Boston,Celtics,BOS,0,0,,,,,,5,2546,Carmelo Anthony,1610612747.0,Los Angeles,Lakers,LAL,1
0022100232,110,4,0,1,8:07 PM,3:59,CELTICS Rebound,,,,,2,1610612738,,,,,,0,0,,,,,,0,0,,,,,,0
0022100232,112,8,0,1,8:07 PM,3:59,SUB: Smart FOR Williams,,,,,4,1629684,Grant Williams,1610612738.0,Boston,Celtics,BOS,4,203935,Marcus Smart,1610612738.0,Boston,Celtics,BOS,0,0,,,,,,0
0022100232,113,8,0,1,8:07 PM,3:59,,,SUB: Rondo FOR Westbrook,,,5,201566,Russell Westbrook,1610612747.0,Los Angeles,Lakers,LAL,5,200765,Rajon Rondo,1610612747.0,Los Angeles,Lakers,LAL,0,0,,,,,,0
0022100232,114,8,0,1,8:07 PM,3:59,,,SUB: Ellington FOR Bradley,,,5,202340,Avery Bradley,1610612747.0,Los Angeles,Lakers,LAL,5,201961,Wayne Ellington,1610612747.0,Los Angeles,Lakers,LAL,0,0,,,,,,0
0022100232,120,1,79,1,8:07 PM,3:54,Smart 15' Pullup Jump Shot (4 PTS),,,26 - 16,-10,4,203935,Marcus Smart,1610612738.0,Boston,Celtics,BOS,0,0,,,,,,0,0,,,,,,1
0022100232,121,1,79,1,8:07 PM,3:35,,,Davis 15' Pullup Jump Shot (13 PTS),28 - 16,-12,5,203076,Anthony Davis,1610612747.0,Los Angeles,Lakers,LAL,0,0,,,,,,0,0,,,,,,1
0022100232,122,1,79,1,8:07 PM,3:23,Smart 12' Pullup Jump Shot (6 PTS),,,28 - 18,-10,4,203935,Marcus Smart,1610612738.0,Boston,Celtics,BOS,0,0,,,,,,0,0,,,,,,1
0022100232,123,6,2,1,8:08 PM,3:07,Pritchard S.FOUL (P1.PN) (T.Ford),,,,,4,1630202,Payton Pritchard,1610612738.0,Boston,Celtics,BOS,5,2546,Carmelo Anthony,1610612747.0,Los Angeles,Lakers,LAL,1,0,,,,,,1
0022100232,125,3,11,1,8:08 PM,3:07,,,Anthony Free Throw 1 of 2 (1 PTS),29 - 18,-11,5,2546,Carmelo Anthony,1610612747.0,Los Angeles,Lakers,LAL,0,0,,,,,,0,0,,,,,,1
0022100232,126,3,12,1,8:09 PM,3:07,,,Anthony Free Throw 2 of 2 (2 PTS),30 - 18,-12,5,2546,Carmelo Anthony,1610612747.0,Los Angeles,Lakers,LAL,0,0,,,,,,0,0,,,,,,1
0022100232,127,2,79,1,8:09 PM,2:58,MISS Smart 17' Pullup Jump Shot,,,,,4,203935,Marcus Smart,1610612738.0,Boston,Celtics,BOS,0,0,,,,,,0,0,,,,,,1
0022100232,128,4,0,1,8:09 PM,2:56,,,Ellington REBOUND (Off:0 Def:1),,,5,201961,Wayne Ellington,1610612747.0,Los Angeles,Lakers,LAL,0,0,,,,,,0,0,,,,,,1
0022100232,129,1,52,1,8:09 PM,2:46,,,Davis 2' Alley Oop Dunk (15 PTS) (Rondo 1 AST),32 - 18,-14,5,203076,Anthony Davis,1610612747.0,Los Angeles,Lakers,LAL,5,200765,Rajon Rondo,1610612747.0,Los Angeles,Lakers,LAL,0,0,,,,,,1
0022100232,131,1,75,1,8:09 PM,2:40,Smart 3' Driving Finger Roll Layup (8 PTS),,,32 - 20,-12,4,203935,Marcus Smart,1610612738.0,Boston,Celtics,BOS,0,0,,,,,,0,0,,,,,,1
0022100232,132,6,2,1,8:09 PM,2:40,,,Rondo S.FOUL (P1.T3) (T.Ford),,,5,200765,Rajon Rondo,1610612747.0,Los Angeles,Lakers,LAL,4,203935,Marcus Smart,1610612738.0,Boston,Celtics,BOS,1,0,,,,,,1
0022100232,134,3,10,1,8:10 PM,2:40,MISS Smart Free Throw 1 of 1,,,,,4,203935,Marcus Smart,1610612738.0,Boston,Celtics,BOS,0,0,,,,,,0,0,,,,,,1
0022100232,135,4,0,1,8:10 PM,2:40,CELTICS Rebound,,,,,2,1610612738,,,,,,0,0,,,,,,0,0,,,,,,0
0022100232,136,6,3,1,8:10 PM,2:40,,,Anthony L.B.FOUL (P1.T4) (S.Wright),,,5,2546,Carmelo Anthony,1610612747.0,Los Angeles,Lakers,LAL,4,1626196,Josh Richardson,1610612738.0,Boston,Celtics,BOS,1,0,,,,,,1
0022100232,138,1,63,1,8:10 PM,2:32,Richardson 14' Fadeaway Jumper (4 PTS),,,32 - 22,-10,4,1626196,Josh Richardson,1610612738.0,Boston,Celtics,BOS,0,0,,,,,,0,0,,,,,,1
0022100232,140,2,75,1,8:11 PM,2:14,,,MISS Rondo 13' Driving Finger Roll Layup,,,5,200765,Rajon Rondo,1610612747.0,Los Angeles,Lakers,LAL,0,0,,,,,,0,0,,,,,,1
0022100232,141,4,0,1,8:11 PM,2:14,Kanter REBOUND (Off:0 Def:2),,,,,4,202683,Enes Freedom,1610612738.0,Boston,Celtics,BOS,0,0,,,,,,0,0,,,,,,1
0022100232,142,1,1,1,8:11 PM,2:04,Richardson 24' 3PT Jump Shot (7 PTS) (Smart 2 AST),,,32 - 25,-7,4,1626196,Josh Richardson,1610612738.0,Boston,Celtics,BOS,4,203935,Marcus Smart,1610612738.0,Boston,Celtics,BOS,0,0,,,,,,1
0022100232,144,9,1,1,8:11 PM,1:56,,,Lakers Timeout: Regular (Reg.1 Short 0),,,3,1610612747,,,,,,0,0,,,,,,0,0,,,,,,0
0022100232,145,8,0,1,8:12 PM,1:56,,,SUB: James FOR Ellington,,,5,201961,Wayne Ellington,1610612747.0,Los Angeles,Lakers,LAL,5,2544,LeBron James,1610612747.0,Los Angeles,Lakers,LAL,0,0,,,,,,0
0022100232,147,2,1,1,8:13 PM,1:38,,,MISS Monk 26' 3PT Jump Shot,,,5,1628370,Malik Monk,1610612747.0,Los Angeles,Lakers,LAL,0,0,,,,,,0,0,,,,,,1
0022100232,148,4,0,1,8:13 PM,1:36,Richardson REBOUND (Off:0 Def:1),,,,,4,1626196,Josh Richardson,1610612738.0,Boston,Celtics,BOS,0,0,,,,,,0,0,,,,,,1
0022100232,149,6,1,1,8:13 PM,1:36,,,Rondo P.FOUL (P2.PN) (S.Wright),,,5,200765,Rajon Rondo,1610612747.0,Los Angeles,Lakers,LAL,4,1626196,Josh Richardson,1610612738.0,Boston,Celtics,BOS,1,0,,,,,,1
0022100232,151,3,11,1,8:13 PM,1:36,Richardson Free Throw 1 of 2 (8 PTS),,,32 - 26,-6,4,1626196,Josh Richardson,1610612738.0,Boston,Celtics,BOS,0,0,,,,,,0,0,,,,,,1
0022100232,152,3,12,1,8:14 PM,1:36,Richardson Free Throw 2 of 2 (9 PTS),,,32 - 27,-5,4,1626196,Josh Richardson,1610612738.0,Boston,Celtics,BOS,0,0,,,,,,0,0,,,,,,1
0022100232,153,1,1,1,8:14 PM,1:22,,,Monk 3PT Jump Shot (3 PTS) (James 1 AST),35 - 27,-8,5,1628370,Malik Monk,1610612747.0,Los Angeles,Lakers,LAL,5,2544,LeBron James,1610612747.0,Los Angeles,Lakers,LAL,0,0,,,,,,1
0022100232,155,2,79,1,8:14 PM,1:04,MISS Smart 16' Pullup Jump Shot,,Davis BLOCK (1 BLK),,,4,203935,Marcus Smart,1610612738.0,Boston,Celtics,BOS,0,0,,,,,,5,203076,Anthony Davis,1610612747.0,Los Angeles,Lakers,LAL,1
0022100232,157,4,0,1,8:14 PM,1:03,,,Davis REBOUND (Off:0 Def:2),,,5,203076,Anthony Davis,1610612747.0,Los Angeles,Lakers,LAL,0,0,,,,,,0,0,,,,,,1
0022100232,158,1,1,1,8:15 PM,0:44,,,Monk 30' 3PT Jump Shot (6 PTS) (Davis 1 AST),38 - 27,-11,5,1628370,Malik Monk,1610612747.0,Los Angeles,Lakers,LAL,5,203076,Anthony Davis,1610612747.0,Los Angeles,Lakers,LAL,0,0,,,,,,1
0022100232,160,1,75,1,8:15 PM,0:36,Smart 4' Driving Finger Roll Layup (10 PTS),,,38 - 29,-9,4,203935,Marcus Smart,1610612738.0,Boston,Celtics,BOS,0,0,,,,,,0,0,,,,,,1
0022100232,161,6,2,1,8:15 PM,0:36,,,Davis S.FOUL (P1.PN) (T.Ford),,,5,203076,Anthony Davis,1610612747.0,Los Angeles,Lakers,LAL,4,203935,Marcus Smart,1610612738.0,Boston,Celtics,BOS,1,0,,,,,,1
0022100232,163,3,10,1,8:15 PM,0:36,Smart Free Throw 1 of 1 (11 PTS),,,38 - 30,-8,4,203935,Marcus Smart,1610612738.0,Boston,Celtics,BOS,0,0,,,,,,0,0,,,,,,1
0022100232,164,2,79,1,8:15 PM,0:24,,,MISS Anthony 22' Pullup Jump Shot,,,5,2546,Carmelo Anthony,1610612747.0,Los Angeles,Lakers,LAL,0,0,,,,,,0,0,,,,,,1
0022100232,165,4,0,1,8:15 PM,0:21,Langford REBOUND (Off:0 Def:1),,,,,4,1629641,Romeo Langford,1610612738.0,Boston,Celtics,BOS,0,0,,,,,,0,0,,,,,,1
0022100232,166,5,1,1,8:16 PM,0:02,Smart Bad Pass Turnover (P1.T7),,Rondo STEAL (1 STL),,,4,203935,Marcus Smart,1610612738.0,Boston,Celtics,BOS,5,200765,Rajon Rondo,1610612747.0,Los Angeles,Lakers,LAL,0,0,,,,,,1
0022100232,168,2,78,1,8:16 PM,0:00,,,MISS Monk 7' Floating Jump Shot,,,5,1628370,Malik Monk,1610612747.0,Los Angeles,Lakers,LAL,0,0,,,,,,0,0,,,,,,1
0022100232,169,4,0,1,8:16 PM,0:00,,,Lakers Rebound,,,3,1610612747,,,,,,0,0,,,,,,0,0,,,,,,0
0022100232,170,13,0,1,8:16 PM,0:00,,End of 1st Period (8:16 PM EST),,38 - 30,-8,0,0,,,,,,0,0,,,,,,0,0,,,,,,1
0022100232,179,12,0,2,8:20 PM,12:00,,Start of 2nd Period (8:20 PM EST),,38 - 30,-8,0,0,,,,,,0,0,,,,,,0,0,,,,,,0
0022100232,180,1,75,2,8:20 PM,11:42,Schroder 4' Driving Finger Roll Layup (7 PTS),,,38 - 32,-6,4,203471,Dennis Schröder,1610612738.0,Boston,Celtics,BOS,0,0,,,,,,0,0,,,,,,1
0022100232,181,1,86,2,8:20 PM,11:19,,,James 12' Turnaround Fadeaway (9 PTS),40 - 32,-8,5,2544,LeBron James,1610612747.0,Los Angeles,Lakers,LAL,0,0,,,,,,0,0,,,,,,1
0022100232,182,2,79,2,8:20 PM,11:03,MISS Schroder 21' Pullup Jump Shot,,,,,4,203471,Dennis Schröder,1610612738.0,Boston,Celtics,BOS,0,0,,,,,,0,0,,,,,,1
0022100232,183,4,0,2,8:21 PM,11:01,,,Howard REBOUND (Off:0 Def:1),,,5,2730,Dwight Howard,1610612747.0,Los Angeles,Lakers,LAL,0,0,,,,,,0,0,,,,,,1
0022100232,184,2,86,2,8:21 PM,10:52,,,MISS James 16' Turnaround Fadeaway Shot,,,5,2544,LeBron James,1610612747.0,Los Angeles,Lakers,LAL,0,0,,,,,,0,0,,,,,,1
0022100232,185,4,0,2,8:21 PM,10:50,Schroder REBOUND (Off:1 Def:2),,,,,4,203471,Dennis Schröder,1610612738.0,Boston,Celtics,BOS,0,0,,,,,,0,0,,,,,,1
0022100232,186,2,1,2,8:21 PM,10:39,MISS Langford 3PT Jump Shot,,,,,4,1629641,Romeo Langford,1610612738.0,Boston,Celtics,BOS,0,0,,,,,,0,0,,,,,,1
0022100232,187,4,0,2,8:21 PM,10:36,Schroder REBOUND (Off:2 Def:2),,,,,4,203471,Dennis Schröder,1610612738.0,Boston,Celtics,BOS,0,0,,,,,,0,0,,,,,,1
0022100232,188,2,1,2,8:21 PM,10:35,MISS Schroder 26' 3PT Jump Shot,,,,,4,203471,Dennis Schröder,1610612738.0,Boston,Celtics,BOS,0,0,,,,,,0,0,,,,,,1
0022100232,189,4,0,2,8:21 PM,10:33,,,Anthony REBOUND (Off:0 Def:1),,,5,2546,Carmelo Anthony,1610612747.0,Los Angeles,Lakers,LAL,0,0,,,,,,0,0,,,,,,1
0022100232,190,2,73,2,8:21 PM,10:24,Tatum BLOCK (1 BLK),,MISS Westbrook 3' Driving Reverse Layup,,,5,201566,Russell Westbrook,1610612747.0,Los Angeles,Lakers,LAL,0,0,,,,,,4,1628369,Jayson Tatum,1610612738.0,Boston,Celtics,BOS,1
0022100232,191,4,0,2,8:21 PM,10:22,Kanter REBOUND (Off:0 Def:3),,,,,4,202683,Enes Freedom,1610612738.0,Boston,Celtics,BOS,0,0,,,,,,0,0,,,,,,1
0022100232,193,1,79,2,8:21 PM,10:13,Tatum 27' 3PT Pullup Jump Shot (6 PTS),,,40 - 35,-5,4,1628369,Jayson Tatum,1610612738.0,Boston,Celtics,BOS,0,0,,,,,,0,0,,,,,,1
0022100232,194,6,2,2,8:22 PM,9:53,Langford S.FOUL (P1.T1) (R.Acosta),,,,,4,1629641,Romeo Langford,1610612738.0,Boston,Celtics,BOS,5,2546,Carmelo Anthony,1610612747.0,Los Angeles,Lakers,LAL,1,0,,,,,,1
0022100232,196,3,11,2,8:22 PM,9:53,,,Anthony Free Throw 1 of 2 (3 PTS),41 - 35,-6,5,2546,Carmelo Anthony,1610612747.0,Los Angeles,Lakers,LAL,0,0,,,,,,0,0,,,,,,1
0022100232,199,3,12,2,8:22 PM,9:53,,,Anthony Free Throw 2 of 2 (4 PTS),42 - 35,-7,5,2546,Carmelo Anthony,1610612747.0,Los Angeles,Lakers,LAL,0,0,,,,,,0,0,,,,,,1
0022100232,197,8,0,2,8:22 PM,9:53,,,SUB: Horton-Tucker FOR Monk,,,5,1628370,Malik Monk,1610612747.0,Los Angeles,Lakers,LAL,5,1629659,Talen Horton-Tucker,1610612747.0,Los Angeles,Lakers,LAL,0,0,,,,,,0
0022100232,200,6,2,2,8:23 PM,9:39,,,Horton-Tucker S.FOUL (P1.T1) (R.Acosta),,,5,1629659,Talen Horton-Tucker,1610612747.0,Los Angeles,Lakers,LAL,4,203471,Dennis Schröder,1610612738.0,Boston,Celtics,BOS,1,0,,,,,,1
0022100232,202,3,11,2,8:24 PM,9:39,Schroder Free Throw 1 of 2 (8 PTS),,,42 - 36,-6,4,203471,Dennis Schröder,1610612738.0,Boston,Celtics,BOS,0,0,,,,,,0,0,,,,,,1
0022100232,203,8,0,2,8:24 PM,9:39,,,SUB: Bradley FOR Anthony,,,5,2546,Carmelo Anthony,1610612747.0,Los Angeles,Lakers,LAL,5,202340,Avery Bradley,1610612747.0,Los Angeles,Lakers,LAL,0,0,,,,,,0
0022100232,205,3,12,2,8:24 PM,9:39,Schroder Free Throw 2 of 2 (9 PTS),,,42 - 37,-5,4,203471,Dennis Schröder,1610612738.0,Boston,Celtics,BOS,0,0,,,,,,0,0,,,,,,1
0022100232,206,5,45,2,8:24 PM,9:22,,,James Out of Bounds - Bad Pass Turnover Turnover (P1.T2),,,5,2544,LeBron James,1610612747.0,Los Angeles,Lakers,LAL,0,0,,,,,,1,0,,,,,,1
0022100232,207,1,79,2,8:25 PM,8:59,Schroder 20' Pullup Jump Shot (11 PTS),,,42 - 39,-3,4,203471,Dennis Schröder,1610612738.0,Boston,Celtics,BOS,0,0,,,,,,0,0,,,,,,1
0022100232,208,9,1,2,8:25 PM,8:57,,,Lakers Timeout: Regular (Reg.2 Short 0),,,3,1610612747,,,,,,0,0,,,,,,0,0,,,,,,0
0022100232,209,8,0,2,8:28 PM,8:57,SUB: Williams FOR Langford,,,,,4,1629641,Romeo Langford,1610612738.0,Boston,Celtics,BOS,4,1629684,Grant Williams,1610612738.0,Boston,Celtics,BOS,0,0,,,,,,0
0022100232,211,2,1,2,8:29 PM,8:39,,,MISS Horton-Tucker 26' 3PT Jump Shot,,,5,1629659,Talen Horton-Tucker,1610612747.0,Los Angeles,Lakers,LAL,0,0,,,,,,0,0,,,,,,1
0022100232,212,4,0,2,8:29 PM,8:37,,,Howard REBOUND (Off:1 Def:1),,,5,2730,Dwight Howard,1610612747.0,Los Angeles,Lakers,LAL,0,0,,,,,,0,0,,,,,,1
0022100232,213,6,2,2,8:29 PM,8:37,Kanter S.FOUL (P1.T2) (R.Acosta),,,,,4,202683,Enes Freedom,1610612738.0,Boston,Celtics,BOS,5,2730,Dwight Howard,1610612747.0,Los Angeles,Lakers,LAL,1,0,,,,,,1
0022100232,215,3,11,2,8:29 PM,8:37,,,Howard Free Throw 1 of 2 (1 PTS),43 - 39,-4,5,2730,Dwight Howard,1610612747.0,Los Angeles,Lakers,LAL,0,0,,,,,,0,0,,,,,,1
0022100232,216,3,12,2,8:30 PM,8:37,,,Howard Free Throw 2 of 2 (2 PTS),44 - 39,-5,5,2730,Dwight Howard,1610612747.0,Los Angeles,Lakers,LAL,0,0,,,,,,0,0,,,,,,1
0022100232,217,6,2,2,8:30 PM,8:19,,,James S.FOUL (P2.T2) (R.Acosta),,,5,2544,LeBron James,1610612747.0,Los Angeles,Lakers,LAL,4,202683,Enes Freedom,1610612738.0,Boston,Celtics,BOS,1,0,,,,,,1
0022100232,219,3,11,2,8:30 PM,8:19,Kanter Free Throw 1 of 2 (1 PTS),,,44 - 40,-4,4,202683,Enes Freedom,1610612738.0,Boston,Celtics,BOS,0,0,,,,,,0,0,,,,,,1
0022100232,220,8,0,2,8:30 PM,8:19,,,SUB: Anthony FOR James,,,5,2544,LeBron James,1610612747.0,Los Angeles,Lakers,LAL,5,2546,Carmelo Anthony,1610612747.0,Los Angeles,Lakers,LAL,0,0,,,,,,0
0022100232,222,3,12,2,8:31 PM,8:19,Kanter Free Throw 2 of 2 (2 PTS),,,44 - 41,-3,4,202683,Enes Freedom,1610612738.0,Boston,Celtics,BOS,0,0,,,,,,0,0,,,,,,1
0022100232,223,6,4,2,8:31 PM,8:17,,,Westbrook OFF.Foul (P2) (R.Acosta),,,5,201566,Russell Westbrook,1610612747.0,Los Angeles,Lakers,LAL,4,203471,Dennis Schröder,1610612738.0,Boston,Celtics,BOS,1,0,,,,,,1
0022100232,225,5,37,2,8:31 PM,8:17,,,Westbrook Offensive Foul Turnover (P1.T3),,,5,201566,Russell Westbrook,1610612747.0,Los Angeles,Lakers,LAL,0,0,,,,,,1,0,,,,,,1
0022100232,226,2,1,2,8:31 PM,8:01,MISS Richardson 27' 3PT Jump Shot,,,,,4,1626196,Josh Richardson,1610612738.0,Boston,Celtics,BOS,0,0,,,,,,0,0,,,,,,1
0022100232,227,4,0,2,8:31 PM,7:58,,,Bradley REBOUND (Off:0 Def:3),,,5,202340,Avery Bradley,1610612747.0,Los Angeles,Lakers,LAL,0,0,,,,,,0,0,,,,,,1
0022100232,242,2,101,2,8:32 PM,7:39,,,MISS Horton-Tucker 5' Driving Floating Jump Shot,,,5,1629659,Talen Horton-Tucker,1610612747.0,Los Angeles,Lakers,LAL,0,0,,,,,,0,0,,,,,,1
0022100232,243,4,0,2,8:32 PM,7:38,,,Howard REBOUND (Off:2 Def:1),,,5,2730,Dwight Howard,1610612747.0,Los Angeles,Lakers,LAL,0,0,,,,,,0,0,,,,,,1
0022100232,228,1,97,2,8:32 PM,7:38,,,Howard 3' Tip Layup Shot (4 PTS),46 - 41,-5,5,2730,Dwight Howard,1610612747.0,Los Angeles,Lakers,LAL,0,0,,,,,,0,0,,,,,,1
0022100232,230,6,2,2,8:32 PM,7:24,,,Howard S.FOUL (P1.T3) (S.Wright),,,5,2730,Dwight Howard,1610612747.0,Los Angeles,Lakers,LAL,4,1628369,Jayson Tatum,1610612738.0,Boston,Celtics,BOS,1,0,,,,,,1
0022100232,232,3,11,2,8:32 PM,7:24,Tatum Free Throw 1 of 2 (7 PTS),,,46 - 42,-4,4,1628369,Jayson Tatum,1610612738.0,Boston,Celtics,BOS,0,0,,,,,,0,0,,,,,,1
0022100232,233,3,12,2,8:33 PM,7:24,Tatum Free Throw 2 of 2 (8 PTS),,,46 - 43,-3,4,1628369,Jayson Tatum,1610612738.0,Boston,Celtics,BOS,0,0,,,,,,0,0,,,,,,1
0022100232,234,2,79,2,8:33 PM,7:05,,,MISS Westbrook 16' Pullup Jump Shot,,,5,201566,Russell Westbrook,1610612747.0,Los Angeles,Lakers,LAL,0,0,,,,,,0,0,,,,,,1
0022100232,235,4,0,2,8:33 PM,7:03,Kanter REBOUND (Off:0 Def:4),,,,,4,202683,Enes Freedom,1610612738.0,Boston,Celtics,BOS,0,0,,,,,,0,0,,,,,,1
0022100232,236,1,75,2,8:33 PM,6:54,Schroder 3' Driving Finger Roll Layup (13 PTS),,,46 - 45,-1,4,203471,Dennis Schröder,1610612738.0,Boston,Celtics,BOS,0,0,,,,,,0,0,,,,,,1
0022100232,237,9,1,2,8:33 PM,6:54,,,Lakers Timeout: Regular (Reg.3 Short 0),,,3,1610612747,,,,,,0,0,,,,,,0,0,,,,,,0
0022100232,238,8,0,2,8:36 PM,6:54,SUB: Horford FOR Kanter,,,,,4,202683,Enes Freedom,1610612738.0,Boston,Celtics,BOS,4,201143,Al Horford,1610612738.0,Boston,Celtics,BOS,0,0,,,,,,0
0022100232,239,8,0,2,8:36 PM,6:54,,,SUB: Davis FOR Howard,,,5,2730,Dwight Howard,1610612747.0,Los Angeles,Lakers,LAL,5,203076,Anthony Davis,1610612747.0,Los Angeles,Lakers,LAL,0,0,,,,,,0
0022100232,244,2,1,2,8:37 PM,6:38,,,MISS Westbrook 25' 3PT Jump Shot,,,5,201566,Russell Westbrook,1610612747.0,Los Angeles,Lakers,LAL,0,0,,,,,,0,0,,,,,,1
0022100232,245,4,0,2,8:37 PM,6:35,,,Anthony REBOUND (Off:1 Def:1),,,5,2546,Carmelo Anthony,1610612747.0,Los Angeles,Lakers,LAL,0,0,,,,,,0,0,,,,,,1
0022100232,246,1,86,2,8:37 PM,6:23,,,Davis 16' Turnaround Fadeaway (17 PTS),48 - 45,-3,5,203076,Anthony Davis,1610612747.0,Los Angeles,Lakers,LAL,0,0,,,,,,0,0,,,,,,1
0022100232,247,1,99,2,8:38 PM,6:05,Tatum 6' Cutting Finger Roll Layup Shot (10 PTS) (Williams 2 AST),,,48 - 47,-1,4,1628369,Jayson Tatum,1610612738.0,Boston,Celtics,BOS,4,1629684,Grant Williams,1610612738.0,Boston,Celtics,BOS,0,0,,,,,,1
0022100232,250,2,80,2,8:38 PM,5:46,,,MISS Horton-Tucker 20' Step Back Jump Shot,,,5,1629659,Talen Horton-Tucker,1610612747.0,Los Angeles,Lakers,LAL,0,0,,,,,,0,0,,,,,,1
0022100232,251,4,0,2,8:38 PM,5:44,Richardson REBOUND (Off:0 Def:2),,,,,4,1626196,Josh Richardson,1610612738.0,Boston,Celtics,BOS,0,0,,,,,,0,0,,,,,,1
0022100232,252,2,79,2,8:39 PM,5:25,MISS Richardson 23' Pullup Jump Shot,,,,,4,1626196,Josh Richardson,1610612738.0,Boston,Celtics,BOS,0,0,,,,,,0,0,,,,,,1
0022100232,253,4,0,2,8:39 PM,5:23,,,Davis REBOUND (Off:0 Def:3),,,5,203076,Anthony Davis,1610612747.0,Los Angeles,Lakers,LAL,0,0,,,,,,0,0,,,,,,1
0022100232,254,2,63,2,8:39 PM,4:59,,,MISS Davis 22' Fadeaway Jumper,,,5,203076,Anthony Davis,1610612747.0,Los Angeles,Lakers,LAL,0,0,,,,,,0,0,,,,,,1
0022100232,255,4,0,2,8:39 PM,4:57,Tatum REBOUND (Off:0 Def:2),,,,,4,1628369,Jayson Tatum,1610612738.0,Boston,Celtics,BOS,0,0,,,,,,0,0,,,,,,1
0022100232,256,6,1,2,8:39 PM,4:49,,,Horton-Tucker P.FOUL (P2.T4) (R.Acosta),,,5,1629659,Talen Horton-Tucker,1610612747.0,Los Angeles,Lakers,LAL,4,1629684,Grant Williams,1610612738.0,Boston,Celtics,BOS,1,0,,,,,,1
0022100232,258,8,0,2,8:39 PM,4:49,SUB: Smart FOR Richardson,,,,,4,1626196,Josh Richardson,1610612738.0,Boston,Celtics,BOS,4,203935,Marcus Smart,1610612738.0,Boston,Celtics,BOS,0,0,,,,,,0
0022100232,259,8,0,2,8:39 PM,4:49,,,SUB: Monk FOR Westbrook,,,5,201566,Russell Westbrook,1610612747.0,Los Angeles,Lakers,LAL,5,1628370,Malik Monk,1610612747.0,Los Angeles,Lakers,LAL,0,0,,,,,,0
0022100232,260,8,0,2,8:39 PM,4:49,,,SUB: James FOR Bradley,,,5,202340,Avery Bradley,1610612747.0,Los Angeles,Lakers,LAL,5,2544,LeBron James,1610612747.0,Los Angeles,Lakers,LAL,0,0,,,,,,0
0022100232,264,1,6,2,8:40 PM,4:39,Tatum 4' Driving Layup (12 PTS) (Horford 3 AST),,,48 - 49,1,4,1628369,Jayson Tatum,1610612738.0,Boston,Celtics,BOS,4,201143,Al Horford,1610612738.0,Boston,Celtics,BOS,0,0,,,,,,1
0022100232,266,5,1,2,8:40 PM,4:24,Tatum STEAL (1 STL),,James Bad Pass Turnover (P2.T4),,,5,2544,LeBron James,1610612747.0,Los Angeles,Lakers,LAL,4,1628369,Jayson Tatum,1610612738.0,Boston,Celtics,BOS,0,0,,,,,,1
0022100232,268,1,79,2,8:40 PM,4:18,Schroder 17' Pullup Jump Shot (15 PTS),,,48 - 51,3,4,203471,Dennis Schröder,1610612738.0,Boston,Celtics,BOS,0,0,,,,,,0,0,,,,,,1
0022100232,269,2,6,2,8:40 PM,4:05,,,MISS Horton-Tucker 7' Driving Layup,,,5,1629659,Talen Horton-Tucker,1610612747.0,Los Angeles,Lakers,LAL,0,0,,,,,,0,0,,,,,,1
0022100232,270,4,0,2,8:40 PM,4:03,Tatum REBOUND (Off:0 Def:3),,,,,4,1628369,Jayson Tatum,1610612738.0,Boston,Celtics,BOS,0,0,,,,,,0,0,,,,,,1
0022100232,271,2,76,2,8:41 PM,3:59,MISS Tatum 5' Running Finger Roll Layup,,,,,4,1628369,Jayson Tatum,1610612738.0,Boston,Celtics,BOS,0,0,,,,,,0,0,,,,,,1
0022100232,272,4,0,2,8:41 PM,3:57,,,James REBOUND (Off:0 Def:2),,,5,2544,LeBron James,1610612747.0,Los Angeles,Lakers,LAL,0,0,,,,,,0,0,,,,,,1
0022100232,273,1,1,2,8:41 PM,3:54,,,Anthony 26' 3PT Jump Shot (7 PTS) (Monk 1 AST),51 - 51,TIE,5,2546,Carmelo Anthony,1610612747.0,Los Angeles,Lakers,LAL,5,1628370,Malik Monk,1610612747.0,Los Angeles,Lakers,LAL,0,0,,,,,,1
0022100232,275,1,1,2,8:41 PM,3:38,Tatum 27' 3PT Jump Shot (15 PTS) (Smart 3 AST),,,51 - 54,3,4,1628369,Jayson Tatum,1610612738.0,Boston,Celtics,BOS,4,203935,Marcus Smart,1610612738.0,Boston,Celtics,BOS,0,0,,,,,,1
0022100232,276,6,1,2,8:41 PM,3:28,Smart P.FOUL (P1.T3) (R.Acosta),,,,,4,203935,Marcus Smart,1610612738.0,Boston,Celtics,BOS,5,203076,Anthony Davis,1610612747.0,Los Angeles,Lakers,LAL,1,0,,,,,,1
0022100232,279,2,80,2,8:42 PM,3:15,,,MISS James 26' 3PT Step Back Jump Shot,,,5,2544,LeBron James,1610612747.0,Los Angeles,Lakers,LAL,0,0,,,,,,0,0,,,,,,1
0022100232,280,4,0,2,8:42 PM,3:13,CELTICS Rebound,,,,,2,1610612738,,,,,,0,0,,,,,,0,0,,,,,,0
0022100232,282,5,45,2,8:42 PM,3:03,Schroder Out of Bounds - Bad Pass Turnover Turnover (P4.T8),,,,,4,203471,Dennis Schröder,1610612738.0,Boston,Celtics,BOS,0,0,,,,,,1,0,,,,,,1
0022100232,283,2,1,2,8:42 PM,2:49,,,MISS James 26' 3PT Jump Shot,,,5,2544,LeBron James,1610612747.0,Los Angeles,Lakers,LAL,0,0,,,,,,0,0,,,,,,1
0022100232,284,4,0,2,8:42 PM,2:45,,,Anthony REBOUND (Off:2 Def:1),,,5,2546,Carmelo Anthony,1610612747.0,Los Angeles,Lakers,LAL,0,0,,,,,,0,0,,,,,,1
0022100232,285,1,1,2,8:43 PM,2:42,,,Anthony 27' 3PT Jump Shot (10 PTS),54 - 54,TIE,5,2546,Carmelo Anthony,1610612747.0,Los Angeles,Lakers,LAL,0,0,,,,,,0,0,,,,,,1
0022100232,286,2,57,2,8:43 PM,2:20,MISS Horford 10' Driving Hook Shot,,,,,4,201143,Al Horford,1610612738.0,Boston,Celtics,BOS,0,0,,,,,,0,0,,,,,,1
0022100232,287,4,0,2,8:43 PM,2:18,,,Horton-Tucker REBOUND (Off:0 Def:1),,,5,1629659,Talen Horton-Tucker,1610612747.0,Los Angeles,Lakers,LAL,0,0,,,,,,0,0,,,,,,1
0022100232,288,1,50,2,8:43 PM,2:15,,,Monk 1' Running Dunk (8 PTS) (Horton-Tucker 2 AST),56 - 54,-2,5,1628370,Malik Monk,1610612747.0,Los Angeles,Lakers,LAL,5,1629659,Talen Horton-Tucker,1610612747.0,Los Angeles,Lakers,LAL,0,0,,,,,,1
0022100232,290,9,1,2,8:43 PM,2:12,CELTICS Timeout: Regular (Full 3 Short 0),,,,,2,1610612738,,,,,,0,0,,,,,,0,0,,,,,,0
0022100232,291,2,1,2,8:45 PM,1:59,MISS Tatum 27' 3PT Jump Shot,,,,,4,1628369,Jayson Tatum,1610612738.0,Boston,Celtics,BOS,0,0,,,,,,0,0,,,,,,1
0022100232,292,4,0,2,8:45 PM,1:58,Smart REBOUND (Off:1 Def:0),,,,,4,203935,Marcus Smart,1610612738.0,Boston,Celtics,BOS,0,0,,,,,,0,0,,,,,,1
0022100232,293,6,1,2,8:45 PM,1:57,,,Horton-Tucker P.FOUL (P3.PN) (S.Wright),,,5,1629659,Talen Horton-Tucker,1610612747.0,Los Angeles,Lakers,LAL,4,203935,Marcus Smart,1610612738.0,Boston,Celtics,BOS,1,0,,,,,,1
0022100232,295,3,11,2,8:45 PM,1:57,Smart Free Throw 1 of 2 (12 PTS),,,56 - 55,-1,4,203935,Marcus Smart,1610612738.0,Boston,Celtics,BOS,0,0,,,,,,0,0,,,,,,1
0022100232,296,8,0,2,8:45 PM,1:57,,,SUB: Westbrook FOR Horton-Tucker,,,5,1629659,Talen Horton-Tucker,1610612747.0,Los Angeles,Lakers,LAL,5,201566,Russell Westbrook,1610612747.0,Los Angeles,Lakers,LAL,0,0,,,,,,0
0022100232,298,3,12,2,8:46 PM,1:57,Smart Free Throw 2 of 2 (13 PTS),,,56 - 56,TIE,4,203935,Marcus Smart,1610612738.0,Boston,Celtics,BOS,0,0,,,,,,0,0,,,,,,1
0022100232,299,1,105,2,8:46 PM,1:42,,,James 9' Turnaround Fadeaway Bank Jump Shot (11 PTS),58 - 56,-2,5,2544,LeBron James,1610612747.0,Los Angeles,Lakers,LAL,0,0,,,,,,0,0,,,,,,1
0022100232,300,2,63,2,8:46 PM,1:29,MISS Tatum 17' Fadeaway Jumper,,,,,4,1628369,Jayson Tatum,1610612738.0,Boston,Celtics,BOS,0,0,,,,,,0,0,,,,,,1
0022100232,301,4,0,2,8:46 PM,1:24,,,Westbrook REBOUND (Off:0 Def:2),,,5,201566,Russell Westbrook,1610612747.0,Los Angeles,Lakers,LAL,0,0,,,,,,0,0,,,,,,1
0022100232,302,5,1,2,8:46 PM,1:21,Tatum STEAL (2 STL),,Westbrook Bad Pass Turnover (P2.T5),,,5,201566,Russell Westbrook,1610612747.0,Los Angeles,Lakers,LAL,4,1628369,Jayson Tatum,1610612738.0,Boston,Celtics,BOS,0,0,,,,,,1
0022100232,304,1,50,2,8:46 PM,1:19,Tatum 1' Running Dunk (17 PTS),,,58 - 58,TIE,4,1628369,Jayson Tatum,1610612738.0,Boston,Celtics,BOS,0,0,,,,,,0,0,,,,,,1
0022100232,305,6,6,2,8:47 PM,1:17,Schroder AWAY.FROM.PLAY.FOUL (P3.T4) (R.Acosta),,,,,4,203471,Dennis Schröder,1610612738.0,Boston,Celtics,BOS,5,201566,Russell Westbrook,1610612747.0,Los Angeles,Lakers,LAL,1,0,,,,,,0
0022100232,307,3,10,2,8:47 PM,1:17,,,Davis Free Throw 1 of 1 (18 PTS),59 - 58,-1,5,203076,Anthony Davis,1610612747.0,Los Angeles,Lakers,LAL,0,0,,,,,,0,0,,,,,,1
0022100232,308,2,63,2,8:47 PM,1:10,,,MISS Davis 18' Fadeaway Jumper,,,5,203076,Anthony Davis,1610612747.0,Los Angeles,Lakers,LAL,0,0,,,,,,0,0,,,,,,1
0022100232,309,4,0,2,8:47 PM,1:07,Tatum REBOUND (Off:0 Def:4),,,,,4,1628369,Jayson Tatum,1610612738.0,Boston,Celtics,BOS,0,0,,,,,,0,0,,,,,,1
0022100232,310,1,98,2,8:48 PM,0:58,Horford 2' Cutting Layup Shot (4 PTS) (Tatum 1 AST),,,59 - 60,1,4,201143,Al Horford,1610612738.0,Boston,Celtics,BOS,4,1628369,Jayson Tatum,1610612738.0,Boston,Celtics,BOS,0,0,,,,,,1
0022100232,312,2,1,2,8:48 PM,0:46,,,MISS Monk 3PT Jump Shot,,,5,1628370,Malik Monk,1610612747.0,Los Angeles,Lakers,LAL,0,0,,,,,,0,0,,,,,,1
0022100232,313,4,0,2,8:48 PM,0:44,Horford REBOUND (Off:0 Def:2),,,,,4,201143,Al Horford,1610612738.0,Boston,Celtics,BOS,0,0,,,,,,0,0,,,,,,1
0022100232,314,2,101,2,8:48 PM,0:35,MISS Tatum 4' Driving Floating Jump Shot,,,,,4,1628369,Jayson Tatum,1610612738.0,Boston,Celtics,BOS,0,0,,,,,,0,0,,,,,,1
0022100232,315,4,0,2,8:48 PM,0:33,Schroder REBOUND (Off:3 Def:2),,,,,4,203471,Dennis Schröder,1610612738.0,Boston,Celtics,BOS,0,0,,,,,,0,0,,,,,,1
0022100232,316,2,1,2,8:48 PM,0:31,MISS Smart 26' 3PT Jump Shot,,,,,4,203935,Marcus Smart,1610612738.0,Boston,Celtics,BOS,0,0,,,,,,0,0,,,,,,1
0022100232,317,4,0,2,8:48 PM,0:28,CELTICS Rebound,,,,,2,1610612738,,,,,,0,0,,,,,,0,0,,,,,,0
0022100232,319,5,1,2,8:49 PM,0:17,Tatum Bad Pass Turnover (P1.T9),,James STEAL (2 STL),,,4,1628369,Jayson Tatum,1610612738.0,Boston,Celtics,BOS,5,2544,LeBron James,1610612747.0,Los Angeles,Lakers,LAL,0,0,,,,,,1
0022100232,321,1,74,2,8:49 PM,0:16,,,James 2' Running Reverse Layup (13 PTS),61 - 60,-1,5,2544,LeBron James,1610612747.0,Los Angeles,Lakers,LAL,0,0,,,,,,0,0,,,,,,1
0022100232,322,6,2,2,8:49 PM,0:16,Williams S.FOUL (P2.PN) (T.Ford),,,,,4,1629684,Grant Williams,1610612738.0,Boston,Celtics,BOS,5,2544,LeBron James,1610612747.0,Los Angeles,Lakers,LAL,1,0,,,,,,1
0022100232,324,8,0,2,8:49 PM,0:16,,,SUB: Bradley FOR Monk,,,5,1628370,Malik Monk,1610612747.0,Los Angeles,Lakers,LAL,5,202340,Avery Bradley,1610612747.0,Los Angeles,Lakers,LAL,0,0,,,,,,0
0022100232,326,3,10,2,8:49 PM,0:16,,,MISS James Free Throw 1 of 1,,,5,2544,LeBron James,1610612747.0,Los Angeles,Lakers,LAL,0,0,,,,,,0,0,,,,,,1
0022100232,327,4,0,2,8:49 PM,0:13,,,James REBOUND (Off:1 Def:2),,,5,2544,LeBron James,1610612747.0,Los Angeles,Lakers,LAL,0,0,,,,,,0,0,,,,,,1
0022100232,329,2,1,2,8:50 PM,0:06,,,MISS James 30' 3PT Jump Shot,,,5,2544,LeBron James,1610612747.0,Los Angeles,Lakers,LAL,0,0,,,,,,0,0,,,,,,1
0022100232,330,4,0,2,8:50 PM,0:03,Tatum REBOUND (Off:0 Def:5),,,,,4,1628369,Jayson Tatum,1610612738.0,Boston,Celtics,BOS,0,0,,,,,,0,0,,,,,,1
0022100232,331,2,79,2,8:50 PM,0:00,MISS Tatum 23' Pullup Jump Shot,,,,,4,1628369,Jayson Tatum,1610612738.0,Boston,Celtics,BOS,0,0,,,,,,0,0,,,,,,1
0022100232,332,4,0,2,8:50 PM,0:00,CELTICS Rebound,,,,,2,1610612738,,,,,,0,0,,,,,,0,0,,,,,,0
0022100232,333,13,0,2,8:50 PM,0:00,,End of 2nd Period (8:50 PM EST),,61 - 60,-1,0,0,,,,,,0,0,,,,,,0,0,,,,,,1
0022100232,336,12,0,3,9:05 PM,12:00,,Start of 3rd Period (9:05 PM EST),,61 - 60,-1,0,0,,,,,,0,0,,,,,,0,0,,,,,,0
0022100232,337,2,1,3,9:06 PM,11:37,MISS Horford 27' 3PT Jump Shot,,,,,4,201143,Al Horford,1610612738.0,Boston,Celtics,BOS,0,0,,,,,,0,0,,,,,,1
0022100232,339,4,0,3,9:06 PM,11:36,CELTICS Rebound,,,,,2,1610612738,,,,,,0,0,,,,,,0,0,,,,,,0
0022100232,338,5,11,3,9:06 PM,11:36,CELTICS Turnover: Shot Clock (T#10),,,,,2,1610612738,,,,,,0,0,,,,,,1,0,,,,,,0
0022100232,340,2,6,3,9:06 PM,11:21,,,MISS Horton-Tucker 4' Driving Layup,,,5,1629659,Talen Horton-Tucker,1610612747.0,Los Angeles,Lakers,LAL,0,0,,,,,,0,0,,,,,,1
0022100232,341,4,0,3,9:06 PM,11:19,Tatum REBOUND (Off:0 Def:6),,,,,4,1628369,Jayson Tatum,1610612738.0,Boston,Celtics,BOS,0,0,,,,,,0,0,,,,,,1
0022100232,342,1,1,3,9:07 PM,10:57,Smart 26' 3PT Jump Shot (16 PTS) (Schroder 2 AST),,,61 - 63,2,4,203935,Marcus Smart,1610612738.0,Boston,Celtics,BOS,4,203471,Dennis Schröder,1610612738.0,Boston,Celtics,BOS,0,0,,,,,,1
0022100232,344,2,79,3,9:07 PM,10:34,,,MISS Bradley 19' Pullup Jump Shot,,,5,202340,Avery Bradley,1610612747.0,Los Angeles,Lakers,LAL,0,0,,,,,,0,0,,,,,,1
0022100232,345,4,0,3,9:07 PM,10:32,Smart REBOUND (Off:1 Def:1),,,,,4,203935,Marcus Smart,1610612738.0,Boston,Celtics,BOS,0,0,,,,,,0,0,,,,,,1
0022100232,346,1,102,3,9:07 PM,10:22,Smart 3' Driving Floating Bank Jump Shot (18 PTS),,,61 - 65,4,4,203935,Marcus Smart,1610612738.0,Boston,Celtics,BOS,0,0,,,,,,0,0,,,,,,1
0022100232,347,5,45,3,9:07 PM,10:13,,,Bradley Out of Bounds - Bad Pass Turnover Turnover (P1.T6),,,5,202340,Avery Bradley,1610612747.0,Los Angeles,Lakers,LAL,0,0,,,,,,1,0,,,,,,1
0022100232,348,1,1,3,9:08 PM,10:03,Horford 27' 3PT Jump Shot (7 PTS) (Schroder 3 AST),,,61 - 68,7,4,201143,Al Horford,1610612738.0,Boston,Celtics,BOS,4,203471,Dennis Schröder,1610612738.0,Boston,Celtics,BOS,0,0,,,,,,1
0022100232,350,9,1,3,9:08 PM,10:01,,,Lakers Timeout: Regular (Reg.4 Short 0),,,3,1610612747,,,,,,0,0,,,,,,0,0,,,,,,0
0022100232,352,1,63,3,9:11 PM,9:44,,,James 21' Fadeaway Jumper (15 PTS),63 - 68,5,5,2544,LeBron James,1610612747.0,Los Angeles,Lakers,LAL,0,0,,,,,,0,0,,,,,,1
0022100232,353,1,52,3,9:11 PM,9:30,Horford 2' Alley Oop Dunk (9 PTS) (Smart 4 AST),,,63 - 70,7,4,201143,Al Horford,1610612738.0,Boston,Celtics,BOS,4,203935,Marcus Smart,1610612738.0,Boston,Celtics,BOS,0,0,,,,,,1
0022100232,356,1,86,3,9:12 PM,9:10,,,Davis 13' Turnaround Fadeaway (20 PTS),65 - 70,5,5,203076,Anthony Davis,1610612747.0,Los Angeles,Lakers,LAL,0,0,,,,,,0,0,,,,,,1
0022100232,357,1,98,3,9:12 PM,8:56,Williams 3' Cutting Layup Shot (2 PTS) (Schroder 4 AST),,,65 - 72,7,4,1629684,Grant Williams,1610612738.0,Boston,Celtics,BOS,4,203471,Dennis Schröder,1610612738.0,Boston,Celtics,BOS,0,0,,,,,,1
0022100232,359,2,79,3,9:12 PM,8:47,,,MISS Westbrook 22' Pullup Jump Shot,,,5,201566,Russell Westbrook,1610612747.0,Los Angeles,Lakers,LAL,0,0,,,,,,0,0,,,,,,1
0022100232,360,4,0,3,9:12 PM,8:45,Williams REBOUND (Off:0 Def:2),,,,,4,1629684,Grant Williams,1610612738.0,Boston,Celtics,BOS,0,0,,,,,,0,0,,,,,,1
0022100232,361,1,75,3,9:13 PM,8:37,Tatum 3' Driving Finger Roll Layup (19 PTS),,,65 - 74,9,4,1628369,Jayson Tatum,1610612738.0,Boston,Celtics,BOS,0,0,,,,,,0,0,,,,,,1
0022100232,362,2,1,3,9:13 PM,8:27,,,MISS Westbrook 27' 3PT Jump Shot,,,5,201566,Russell Westbrook,1610612747.0,Los Angeles,Lakers,LAL,0,0,,,,,,0,0,,,,,,1
0022100232,363,4,0,3,9:13 PM,8:25,Tatum REBOUND (Off:0 Def:7),,,,,4,1628369,Jayson Tatum,1610612738.0,Boston,Celtics,BOS,0,0,,,,,,0,0,,,,,,1
0022100232,364,6,1,3,9:13 PM,8:19,,,Bradley P.FOUL (P1.T1) (T.Ford),,,5,202340,Avery Bradley,1610612747.0,Los Angeles,Lakers,LAL,4,1628369,Jayson Tatum,1610612738.0,Boston,Celtics,BOS,1,0,,,,,,1
0022100232,366,2,79,3,9:13 PM,8:13,MISS Tatum 19' Pullup Jump Shot,,,,,4,1628369,Jayson Tatum,1610612738.0,Boston,Celtics,BOS,0,0,,,,,,0,0,,,,,,1
0022100232,367,4,0,3,9:13 PM,8:09,,,Horton-Tucker REBOUND (Off:0 Def:2),,,5,1629659,Talen Horton-Tucker,1610612747.0,Los Angeles,Lakers,LAL,0,0,,,,,,0,0,,,,,,1
0022100232,368,1,1,3,9:13 PM,8:01,,,Westbrook 24' 3PT Jump Shot (6 PTS) (Davis 2 AST),68 - 74,6,5,201566,Russell Westbrook,1610612747.0,Los Angeles,Lakers,LAL,5,203076,Anthony Davis,1610612747.0,Los Angeles,Lakers,LAL,0,0,,,,,,1
0022100232,370,6,2,3,9:14 PM,7:37,,,Westbrook S.FOUL (P3.T2) (S.Wright),,,5,201566,Russell Westbrook,1610612747.0,Los Angeles,Lakers,LAL,4,1628369,Jayson Tatum,1610612738.0,Boston,Celtics,BOS,1,0,,,,,,1
0022100232,372,3,11,3,9:14 PM,7:37,Tatum Free Throw 1 of 2 (20 PTS),,,68 - 75,7,4,1628369,Jayson Tatum,1610612738.0,Boston,Celtics,BOS,0,0,,,,,,0,0,,,,,,1
0022100232,373,3,12,3,9:15 PM,7:37,Tatum Free Throw 2 of 2 (21 PTS),,,68 - 76,8,4,1628369,Jayson Tatum,1610612738.0,Boston,Celtics,BOS,0,0,,,,,,0,0,,,,,,1
0022100232,374,1,1,3,9:15 PM,7:15,,,Bradley 25' 3PT Jump Shot (6 PTS) (Horton-Tucker 3 AST),71 - 76,5,5,202340,Avery Bradley,1610612747.0,Los Angeles,Lakers,LAL,5,1629659,Talen Horton-Tucker,1610612747.0,Los Angeles,Lakers,LAL,0,0,,,,,,1
0022100232,376,1,75,3,9:15 PM,7:05,Schroder 2' Driving Finger Roll Layup (17 PTS),,,71 - 78,7,4,203471,Dennis Schröder,1610612738.0,Boston,Celtics,BOS,0,0,,,,,,0,0,,,,,,1
0022100232,377,2,1,3,9:16 PM,6:51,,,MISS Davis 27' 3PT Jump Shot,,,5,203076,Anthony Davis,1610612747.0,Los Angeles,Lakers,LAL,0,0,,,,,,0,0,,,,,,1
0022100232,378,4,0,3,9:16 PM,6:44,Smart REBOUND (Off:1 Def:2),,,,,4,203935,Marcus Smart,1610612738.0,Boston,Celtics,BOS,0,0,,,,,,0,0,,,,,,1
0022100232,379,2,1,3,9:16 PM,6:40,MISS Schroder 25' 3PT Jump Shot,,,,,4,203471,Dennis Schröder,1610612738.0,Boston,Celtics,BOS,0,0,,,,,,0,0,,,,,,1
0022100232,380,4,0,3,9:16 PM,6:38,,,James REBOUND (Off:1 Def:3),,,5,2544,LeBron James,1610612747.0,Los Angeles,Lakers,LAL,0,0,,,,,,0,0,,,,,,1
0022100232,381,1,86,3,9:16 PM,6:18,,,James 18' Turnaround Fadeaway (17 PTS),73 - 78,5,5,2544,LeBron James,1610612747.0,Los Angeles,Lakers,LAL,0,0,,,,,,0,0,,,,,,1
0022100232,382,1,86,3,9:16 PM,5:53,Tatum 20' Turnaround Fadeaway (23 PTS),,,73 - 80,7,4,1628369,Jayson Tatum,1610612738.0,Boston,Celtics,BOS,0,0,,,,,,0,0,,,,,,1
0022100232,383,1,98,3,9:17 PM,5:37,,,Davis 3' Cutting Layup Shot (22 PTS) (Westbrook 5 AST),75 - 80,5,5,203076,Anthony Davis,1610612747.0,Los Angeles,Lakers,LAL,5,201566,Russell Westbrook,1610612747.0,Los Angeles,Lakers,LAL,0,0,,,,,,1
0022100232,386,8,0,3,9:17 PM,5:20,SUB: Langford FOR Tatum,,,,,4,1628369,Jayson Tatum,1610612738.0,Boston,Celtics,BOS,4,1629641,Romeo Langford,1610612738.0,Boston,Celtics,BOS,0,0,,,,,,0
0022100232,387,8,0,3,9:17 PM,5:20,SUB: Richardson FOR Smart,,,,,4,203935,Marcus Smart,1610612738.0,Boston,Celtics,BOS,4,1626196,Josh Richardson,1610612738.0,Boston,Celtics,BOS,0,0,,,,,,0
0022100232,388,8,0,3,9:17 PM,5:20,SUB: Kanter FOR Horford,,,,,4,201143,Al Horford,1610612738.0,Boston,Celtics,BOS,4,202683,Enes Freedom,1610612738.0,Boston,Celtics,BOS,0,0,,,,,,0
0022100232,389,8,0,3,9:17 PM,5:20,,,SUB: Anthony FOR James,,,5,2544,LeBron James,1610612747.0,Los Angeles,Lakers,LAL,5,2546,Carmelo Anthony,1610612747.0,Los Angeles,Lakers,LAL,0,0,,,,,,0
0022100232,390,8,0,3,9:17 PM,5:20,,,SUB: Monk FOR Horton-Tucker,,,5,1629659,Talen Horton-Tucker,1610612747.0,Los Angeles,Lakers,LAL,5,1628370,Malik Monk,1610612747.0,Los Angeles,Lakers,LAL,0,0,,,,,,0
0022100232,396,1,1,3,9:18 PM,5:18,Williams 25' 3PT Jump Shot (5 PTS) (Schroder 5 AST),,,75 - 83,8,4,1629684,Grant Williams,1610612738.0,Boston,Celtics,BOS,4,203471,Dennis Schröder,1610612738.0,Boston,Celtics,BOS,0,0,,,,,,1
0022100232,398,2,1,3,9:18 PM,5:04,,,MISS Davis 22' Jump Shot,,,5,203076,Anthony Davis,1610612747.0,Los Angeles,Lakers,LAL,0,0,,,,,,0,0,,,,,,1
0022100232,399,4,0,3,9:18 PM,5:02,Langford REBOUND (Off:0 Def:2),,,,,4,1629641,Romeo Langford,1610612738.0,Boston,Celtics,BOS,0,0,,,,,,0,0,,,,,,1
0022100232,400,2,47,3,9:18 PM,4:44,MISS Kanter 7' Turnaround Jump Shot,,Davis BLOCK (2 BLK),,,4,202683,Enes Freedom,1610612738.0,Boston,Celtics,BOS,0,0,,,,,,5,203076,Anthony Davis,1610612747.0,Los Angeles,Lakers,LAL,1
0022100232,401,4,0,3,9:18 PM,4:43,Richardson REBOUND (Off:1 Def:2),,,,,4,1626196,Josh Richardson,1610612738.0,Boston,Celtics,BOS,0,0,,,,,,0,0,,,,,,1
0022100232,402,1,72,3,9:18 PM,4:42,Richardson 1' Putback Layup (11 PTS),,,75 - 85,10,4,1626196,Josh Richardson,1610612738.0,Boston,Celtics,BOS,0,0,,,,,,0,0,,,,,,1
0022100232,403,5,4,3,9:18 PM,4:30,,,Anthony Traveling Turnover (P1.T7),,,5,2546,Carmelo Anthony,1610612747.0,Los Angeles,Lakers,LAL,0,0,,,,,,1,0,,,,,,1
0022100232,405,6,4,3,9:19 PM,4:16,Kanter OFF.Foul (P2) (S.Wright),,,,,4,202683,Enes Freedom,1610612738.0,Boston,Celtics,BOS,5,202340,Avery Bradley,1610612747.0,Los Angeles,Lakers,LAL,1,0,,,,,,1
0022100232,407,5,37,3,9:19 PM,4:16,Kanter Offensive Foul Turnover (P2.T11),,,,,4,202683,Enes Freedom,1610612738.0,Boston,Celtics,BOS,0,0,,,,,,1,0,,,,,,1
0022100232,408,5,40,3,9:19 PM,4:10,,,Bradley Out of Bounds Lost Ball Turnover (P2.T8),,,5,202340,Avery Bradley,1610612747.0,Los Angeles,Lakers,LAL,0,0,,,,,,1,0,,,,,,1
0022100232,409,1,75,3,9:20 PM,3:58,Schroder 2' Driving Finger Roll Layup (19 PTS),,,75 - 87,12,4,203471,Dennis Schröder,1610612738.0,Boston,Celtics,BOS,0,0,,,,,,0,0,,,,,,1
0022100232,410,2,1,3,9:20 PM,3:48,,,MISS Westbrook 27' 3PT Jump Shot,,,5,201566,Russell Westbrook,1610612747.0,Los Angeles,Lakers,LAL,0,0,,,,,,0,0,,,,,,1
0022100232,411,4,0,3,9:20 PM,3:45,Langford REBOUND (Off:0 Def:3),,,,,4,1629641,Romeo Langford,1610612738.0,Boston,Celtics,BOS,0,0,,,,,,0,0,,,,,,1
0022100232,412,2,101,3,9:20 PM,3:21,MISS Richardson 11' Driving Floating Jump Shot,,,,,4,1626196,Josh Richardson,1610612738.0,Boston,Celtics,BOS,0,0,,,,,,0,0,,,,,,1
0022100232,413,4,0,3,9:20 PM,3:18,Williams REBOUND (Off:1 Def:2),,,,,4,1629684,Grant Williams,1610612738.0,Boston,Celtics,BOS,0,0,,,,,,0,0,,,,,,1
0022100232,414,2,5,3,9:20 PM,3:16,MISS Langford 3' Layup,,Monk BLOCK (1 BLK),,,4,1629641,Romeo Langford,1610612738.0,Boston,Celtics,BOS,0,0,,,,,,5,1628370,Malik Monk,1610612747.0,Los Angeles,Lakers,LAL,1
0022100232,416,4,0,3,9:20 PM,3:16,CELTICS Rebound,,,,,2,1610612738,,,,,,0,0,,,,,,0,0,,,,,,0
0022100232,418,8,0,3,9:20 PM,3:16,,,SUB: Horton-Tucker FOR Bradley,,,5,202340,Avery Bradley,1610612747.0,Los Angeles,Lakers,LAL,5,1629659,Talen Horton-Tucker,1610612747.0,Los Angeles,Lakers,LAL,0,0,,,,,,0
0022100232,420,9,1,3,9:21 PM,3:16,CELTICS Timeout: Regular (Full 4 Short 0),,,,,2,1610612738,,,,,,0,0,,,,,,0,0,,,,,,0
0022100232,421,8,0,3,9:23 PM,3:16,SUB: Horford FOR Kanter,,,,,4,202683,Enes Freedom,1610612738.0,Boston,Celtics,BOS,4,201143,Al Horford,1610612738.0,Boston,Celtics,BOS,0,0,,,,,,0
0022100232,422,8,0,3,9:23 PM,3:16,,,SUB: James FOR Westbrook,,,5,201566,Russell Westbrook,1610612747.0,Los Angeles,Lakers,LAL,5,2544,LeBron James,1610612747.0,Los Angeles,Lakers,LAL,0,0,,,,,,0
0022100232,425,2,79,3,9:24 PM,3:12,MISS Schroder 17' Pullup Jump Shot,,,,,4,203471,Dennis Schröder,1610612738.0,Boston,Celtics,BOS,0,0,,,,,,0,0,,,,,,1
0022100232,426,4,0,3,9:24 PM,3:10,,,Monk REBOUND (Off:0 Def:1),,,5,1628370,Malik Monk,1610612747.0,Los Angeles,Lakers,LAL,0,0,,,,,,0,0,,,,,,1
0022100232,427,5,1,3,9:24 PM,2:55,Horford STEAL (1 STL),,Horton-Tucker Bad Pass Turnover (P1.T9),,,5,1629659,Talen Horton-Tucker,1610612747.0,Los Angeles,Lakers,LAL,4,201143,Al Horford,1610612738.0,Boston,Celtics,BOS,0,0,,,,,,1
0022100232,429,6,1,3,9:24 PM,2:55,,,Horton-Tucker P.FOUL (P4.T3) (R.Acosta),,,5,1629659,Talen Horton-Tucker,1610612747.0,Los Angeles,Lakers,LAL,4,201143,Al Horford,1610612738.0,Boston,Celtics,BOS,1,0,,,,,,1
0022100232,431,8,0,3,9:25 PM,2:55,,,SUB: Ellington FOR Horton-Tucker,,,5,1629659,Talen Horton-Tucker,1610612747.0,Los Angeles,Lakers,LAL,5,201961,Wayne Ellington,1610612747.0,Los Angeles,Lakers,LAL,0,0,,,,,,0
0022100232,433,1,108,3,9:25 PM,2:44,Horford 1' Cutting Dunk Shot (11 PTS) (Schroder 6 AST),,,75 - 89,14,4,201143,Al Horford,1610612738.0,Boston,Celtics,BOS,4,203471,Dennis Schröder,1610612738.0,Boston,Celtics,BOS,0,0,,,,,,1
0022100232,435,6,2,3,9:25 PM,2:23,Richardson S.FOUL (P1.T1) (S.Wright),,,,,4,1626196,Josh Richardson,1610612738.0,Boston,Celtics,BOS,5,203076,Anthony Davis,1610612747.0,Los Angeles,Lakers,LAL,1,0,,,,,,1
0022100232,437,3,11,3,9:26 PM,2:23,,,Davis Free Throw 1 of 2 (23 PTS),76 - 89,13,5,203076,Anthony Davis,1610612747.0,Los Angeles,Lakers,LAL,0,0,,,,,,0,0,,,,,,1
0022100232,438,3,12,3,9:26 PM,2:23,,,Davis Free Throw 2 of 2 (24 PTS),77 - 89,12,5,203076,Anthony Davis,1610612747.0,Los Angeles,Lakers,LAL,0,0,,,,,,0,0,,,,,,1
0022100232,439,2,57,3,9:26 PM,2:02,MISS Horford 6' Driving Hook Shot,,Davis BLOCK (3 BLK),,,4,201143,Al Horford,1610612738.0,Boston,Celtics,BOS,0,0,,,,,,5,203076,Anthony Davis,1610612747.0,Los Angeles,Lakers,LAL,1
0022100232,441,4,0,3,9:26 PM,2:00,Horford REBOUND (Off:1 Def:2),,,,,4,201143,Al Horford,1610612738.0,Boston,Celtics,BOS,0,0,,,,,,0,0,,,,,,1
0022100232,442,2,1,3,9:27 PM,2:00,MISS Williams 25' 3PT Jump Shot,,,,,4,1629684,Grant Williams,1610612738.0,Boston,Celtics,BOS,0,0,,,,,,0,0,,,,,,1
0022100232,443,4,0,3,9:27 PM,1:59,CELTICS Rebound,,,,,2,1610612738,,,,,,0,0,,,,,,0,0,,,,,,0
0022100232,444,5,11,3,9:27 PM,1:59,CELTICS Turnover: Shot Clock (T#12),,,,,2,1610612738,,,,,,0,0,,,,,,1,0,,,,,,0
0022100232,445,1,1,3,9:27 PM,1:40,,,Anthony 27' 3PT Jump Shot (13 PTS) (James 2 AST),80 - 89,9,5,2546,Carmelo Anthony,1610612747.0,Los Angeles,Lakers,LAL,5,2544,LeBron James,1610612747.0,Los Angeles,Lakers,LAL,0,0,,,,,,1
0022100232,447,6,1,3,9:27 PM,1:32,,,Ellington P.FOUL (P1.T4) (S.Wright),,,5,201961,Wayne Ellington,1610612747.0,Los Angeles,Lakers,LAL,4,203471,Dennis Schröder,1610612738.0,Boston,Celtics,BOS,1,0,,,,,,1
0022100232,449,6,2,3,9:28 PM,1:23,,,Anthony S.FOUL (P2.PN) (R.Acosta),,,5,2546,Carmelo Anthony,1610612747.0,Los Angeles,Lakers,LAL,4,201143,Al Horford,1610612738.0,Boston,Celtics,BOS,1,0,,,,,,1
0022100232,451,3,11,3,9:28 PM,1:23,Horford Free Throw 1 of 2 (12 PTS),,,80 - 90,10,4,201143,Al Horford,1610612738.0,Boston,Celtics,BOS,0,0,,,,,,0,0,,,,,,1
0022100232,452,8,0,3,9:28 PM,1:23,SUB: Tatum FOR Williams,,,,,4,1629684,Grant Williams,1610612738.0,Boston,Celtics,BOS,4,1628369,Jayson Tatum,1610612738.0,Boston,Celtics,BOS,0,0,,,,,,0
0022100232,454,3,12,3,9:29 PM,1:23,Horford Free Throw 2 of 2 (13 PTS),,,80 - 91,11,4,201143,Al Horford,1610612738.0,Boston,Celtics,BOS,0,0,,,,,,0,0,,,,,,1
0022100232,455,2,63,3,9:29 PM,1:12,,,MISS James 14' Fadeaway Jumper,,,5,2544,LeBron James,1610612747.0,Los Angeles,Lakers,LAL,0,0,,,,,,0,0,,,,,,1
0022100232,456,4,0,3,9:29 PM,1:11,Horford REBOUND (Off:1 Def:3),,,,,4,201143,Al Horford,1610612738.0,Boston,Celtics,BOS,0,0,,,,,,0,0,,,,,,1
0022100232,457,2,1,3,9:29 PM,0:55,MISS Richardson 27' 3PT Jump Shot,,,,,4,1626196,Josh Richardson,1610612738.0,Boston,Celtics,BOS,0,0,,,,,,0,0,,,,,,1
0022100232,458,4,0,3,9:29 PM,0:53,,,Davis REBOUND (Off:0 Def:4),,,5,203076,Anthony Davis,1610612747.0,Los Angeles,Lakers,LAL,0,0,,,,,,0,0,,,,,,1
0022100232,459,6,1,3,9:29 PM,0:42,Tatum P.FOUL (P3.T2) (R.Acosta),,,,,4,1628369,Jayson Tatum,1610612738.0,Boston,Celtics,BOS,5,2544,LeBron James,1610612747.0,Los Angeles,Lakers,LAL,1,0,,,,,,1
0022100232,461,1,1,3,9:30 PM,0:39,,,Davis 17' Jump Shot (26 PTS) (Monk 2 AST),82 - 91,9,5,203076,Anthony Davis,1610612747.0,Los Angeles,Lakers,LAL,5,1628370,Malik Monk,1610612747.0,Los Angeles,Lakers,LAL,0,0,,,,,,1
0022100232,463,6,2,3,9:30 PM,0:34,,,Monk S.FOUL (P1.PN) (R.Acosta),,,5,1628370,Malik Monk,1610612747.0,Los Angeles,Lakers,LAL,4,203471,Dennis Schröder,1610612738.0,Boston,Celtics,BOS,1,0,,,,,,1
0022100232,465,3,11,3,9:31 PM,0:34,Schroder Free Throw 1 of 2 (20 PTS),,,82 - 92,10,4,203471,Dennis Schröder,1610612738.0,Boston,Celtics,BOS,0,0,,,,,,0,0,,,,,,1
0022100232,466,8,0,3,9:31 PM,0:34,SUB: Smart FOR Tatum,,,,,4,1628369,Jayson Tatum,1610612738.0,Boston,Celtics,BOS,4,203935,Marcus Smart,1610612738.0,Boston,Celtics,BOS,0,0,,,,,,0
0022100232,468,3,12,3,9:31 PM,0:34,Schroder Free Throw 2 of 2 (21 PTS),,,82 - 93,11,4,203471,Dennis Schröder,1610612738.0,Boston,Celtics,BOS,0,0,,,,,,0,0,,,,,,1
0022100232,469,5,2,3,9:31 PM,0:11,Langford STEAL (1 STL),,James Lost Ball Turnover (P3.T10),,,5,2544,LeBron James,1610612747.0,Los Angeles,Lakers,LAL,4,1629641,Romeo Langford,1610612738.0,Boston,Celtics,BOS,0,0,,,,,,1
0022100232,471,2,75,3,9:31 PM,0:03,MISS Schroder 3' Driving Finger Roll Layup,,,,,4,203471,Dennis Schröder,1610612738.0,Boston,Celtics,BOS,0,0,,,,,,0,0,,,,,,1
0022100232,472,4,0,3,9:31 PM,0:02,Langford REBOUND (Off:1 Def:3),,,,,4,1629641,Romeo Langford,1610612738.0,Boston,Celtics,BOS,0,0,,,,,,0,0,,,,,,1
0022100232,473,2,80,3,9:31 PM,0:00,MISS Langford 21' Step Back Jump Shot,,,,,4,1629641,Romeo Langford,1610612738.0,Boston,Celtics,BOS,0,0,,,,,,0,0,,,,,,1
0022100232,474,4,0,3,9:31 PM,0:00,CELTICS Rebound,,,,,2,1610612738,,,,,,0,0,,,,,,0,0,,,,,,0
0022100232,475,13,0,3,9:32 PM,0:00,,End of 3rd Period (9:32 PM EST),,82 - 93,11,0,0,,,,,,0,0,,,,,,0,0,,,,,,1
0022100232,480,12,0,4,9:35 PM,12:00,,Start of 4th Period (9:35 PM EST),,82 - 93,11,0,0,,,,,,0,0,,,,,,0,0,,,,,,0
0022100232,481,1,6,4,9:35 PM,11:51,,,Westbrook 2' Driving Layup (8 PTS),84 - 93,9,5,201566,Russell Westbrook,1610612747.0,Los Angeles,Lakers,LAL,0,0,,,,,,0,0,,,,,,1
0022100232,483,1,102,4,9:36 PM,11:32,Smart 3' Driving Floating Bank Jump Shot (20 PTS) (Horford 4 AST),,,84 - 95,11,4,203935,Marcus Smart,1610612738.0,Boston,Celtics,BOS,4,201143,Al Horford,1610612738.0,Boston,Celtics,BOS,0,0,,,,,,1
0022100232,485,6,2,4,9:36 PM,11:32,,,Westbrook S.FOUL (P4.T1) (T.Ford),,,5,201566,Russell Westbrook,1610612747.0,Los Angeles,Lakers,LAL,4,203935,Marcus Smart,1610612738.0,Boston,Celtics,BOS,1,0,,,,,,1
0022100232,487,3,10,4,9:36 PM,11:32,MISS Smart Free Throw 1 of 1,,,,,4,203935,Marcus Smart,1610612738.0,Boston,Celtics,BOS,0,0,,,,,,0,0,,,,,,1
0022100232,488,4,0,4,9:36 PM,11:31,,,Lakers Rebound,,,3,1610612747,,,,,,0,0,,,,,,0,0,,,,,,0
0022100232,490,1,1,4,9:37 PM,11:22,,,James 26' 3PT Jump Shot (20 PTS) (Westbrook 6 AST),87 - 95,8,5,2544,LeBron James,1610612747.0,Los Angeles,Lakers,LAL,5,201566,Russell Westbrook,1610612747.0,Los Angeles,Lakers,LAL,0,0,,,,,,1
0022100232,492,1,6,4,9:37 PM,11:01,Tatum 5' Driving Layup (25 PTS),,,87 - 97,10,4,1628369,Jayson Tatum,1610612738.0,Boston,Celtics,BOS,0,0,,,,,,0,0,,,,,,1
0022100232,493,2,75,4,9:37 PM,10:50,,,MISS Westbrook 3' Driving Finger Roll Layup,,,5,201566,Russell Westbrook,1610612747.0,Los Angeles,Lakers,LAL,0,0,,,,,,0,0,,,,,,1
0022100232,494,4,0,4,9:37 PM,10:48,,,Westbrook REBOUND (Off:1 Def:2),,,5,201566,Russell Westbrook,1610612747.0,Los Angeles,Lakers,LAL,0,0,,,,,,0,0,,,,,,1
0022100232,495,1,97,4,9:37 PM,10:48,,,Westbrook Tip Layup Shot (10 PTS),89 - 97,8,5,201566,Russell Westbrook,1610612747.0,Los Angeles,Lakers,LAL,0,0,,,,,,0,0,,,,,,1
0022100232,496,6,2,4,9:37 PM,10:32,,,James S.FOUL (P3.T2) (S.Wright),,,5,2544,LeBron James,1610612747.0,Los Angeles,Lakers,LAL,4,1629641,Romeo Langford,1610612738.0,Boston,Celtics,BOS,1,0,,,,,,1
0022100232,498,3,11,4,9:38 PM,10:32,Langford Free Throw 1 of 2 (1 PTS),,,89 - 98,9,4,1629641,Romeo Langford,1610612738.0,Boston,Celtics,BOS,0,0,,,,,,0,0,,,,,,1
0022100232,499,3,12,4,9:38 PM,10:32,Langford Free Throw 2 of 2 (2 PTS),,,89 - 99,10,4,1629641,Romeo Langford,1610612738.0,Boston,Celtics,BOS,0,0,,,,,,0,0,,,,,,1
0022100232,500,1,6,4,9:38 PM,10:24,,,Westbrook 4' Driving Layup (12 PTS),91 - 99,8,5,201566,Russell Westbrook,1610612747.0,Los Angeles,Lakers,LAL,0,0,,,,,,0,0,,,,,,1
0022100232,501,6,2,4,9:39 PM,10:08,,,Anthony S.FOUL (P3.T3) (R.Acosta),,,5,2546,Carmelo Anthony,1610612747.0,Los Angeles,Lakers,LAL,4,1628369,Jayson Tatum,1610612738.0,Boston,Celtics,BOS,1,0,,,,,,1
0022100232,503,9,1,4,9:39 PM,10:08,,,Lakers Timeout: Regular (Reg.5 Short 0),,,3,1610612747,,,,,,0,0,,,,,,0,0,,,,,,0
0022100232,504,18,4,4,9:39 PM,10:08,,Instant Replay4th Period (9:39 PM EST),,91 - 99,8,0,501,,,,,,0,0,,,,,,1,0,,,,,,1
0022100232,505,8,0,4,9:42 PM,10:08,,,SUB: Davis FOR James,,,5,2544,LeBron James,1610612747.0,Los Angeles,Lakers,LAL,5,203076,Anthony Davis,1610612747.0,Los Angeles,Lakers,LAL,0,0,,,,,,0
0022100232,507,3,11,4,9:43 PM,10:08,Tatum Free Throw 1 of 2 (26 PTS),,,91 - 100,9,4,1628369,Jayson Tatum,1610612738.0,Boston,Celtics,BOS,0,0,,,,,,0,0,,,,,,1
0022100232,508,3,12,4,9:43 PM,10:08,Tatum Free Throw 2 of 2 (27 PTS),,,91 - 101,10,4,1628369,Jayson Tatum,1610612738.0,Boston,Celtics,BOS,0,0,,,,,,0,0,,,,,,1
0022100232,509,2,1,4,9:43 PM,9:53,,,MISS Ellington 26' 3PT Jump Shot,,,5,201961,Wayne Ellington,1610612747.0,Los Angeles,Lakers,LAL,0,0,,,,,,0,0,,,,,,1
0022100232,510,4,0,4,9:43 PM,9:51,Tatum REBOUND (Off:0 Def:8),,,,,4,1628369,Jayson Tatum,1610612738.0,Boston,Celtics,BOS,0,0,,,,,,0,0,,,,,,1
0022100232,511,2,80,4,9:43 PM,9:43,MISS Tatum 26' 3PT Step Back Jump Shot,,,,,4,1628369,Jayson Tatum,1610612738.0,Boston,Celtics,BOS,0,0,,,,,,0,0,,,,,,1
0022100232,512,4,0,4,9:43 PM,9:39,,,Anthony REBOUND (Off:2 Def:2),,,5,2546,Carmelo Anthony,1610612747.0,Los Angeles,Lakers,LAL,0,0,,,,,,0,0,,,,,,1
0022100232,513,6,2,4,9:44 PM,9:28,Horford S.FOUL (P2.T1) (R.Acosta),,,,,4,201143,Al Horford,1610612738.0,Boston,Celtics,BOS,5,203076,Anthony Davis,1610612747.0,Los Angeles,Lakers,LAL,1,0,,,,,,1
0022100232,515,3,11,4,9:44 PM,9:28,,,MISS Davis Free Throw 1 of 2,,,5,203076,Anthony Davis,1610612747.0,Los Angeles,Lakers,LAL,0,0,,,,,,0,0,,,,,,1
0022100232,516,4,1,4,9:44 PM,9:28,,,Lakers Rebound,,,3,1610612747,,,,,,0,0,,,,,,0,0,,,,,,0
0022100232,517,8,0,4,9:44 PM,9:28,,,SUB: Horton-Tucker FOR Ellington,,,5,201961,Wayne Ellington,1610612747.0,Los Angeles,Lakers,LAL,5,1629659,Talen Horton-Tucker,1610612747.0,Los Angeles,Lakers,LAL,0,0,,,,,,0
0022100232,519,3,12,4,9:44 PM,9:28,,,Davis Free Throw 2 of 2 (27 PTS),92 - 101,9,5,203076,Anthony Davis,1610612747.0,Los Angeles,Lakers,LAL,0,0,,,,,,0,0,,,,,,1
0022100232,521,2,6,4,9:45 PM,9:05,MISS Tatum 4' Driving Layup,,,,,4,1628369,Jayson Tatum,1610612738.0,Boston,Celtics,BOS,0,0,,,,,,0,0,,,,,,1
0022100232,522,4,0,4,9:45 PM,9:04,Smart REBOUND (Off:2 Def:2),,,,,4,203935,Marcus Smart,1610612738.0,Boston,Celtics,BOS,0,0,,,,,,0,0,,,,,,1
0022100232,523,2,97,4,9:45 PM,9:04,MISS Smart Tip Layup Shot,,,,,4,203935,Marcus Smart,1610612738.0,Boston,Celtics,BOS,0,0,,,,,,0,0,,,,,,1
0022100232,524,4,0,4,9:45 PM,9:03,Tatum REBOUND (Off:1 Def:8),,,,,4,1628369,Jayson Tatum,1610612738.0,Boston,Celtics,BOS,0,0,,,,,,0,0,,,,,,1
0022100232,525,1,97,4,9:45 PM,9:03,Tatum Tip Layup Shot (29 PTS),,,92 - 103,11,4,1628369,Jayson Tatum,1610612738.0,Boston,Celtics,BOS,0,0,,,,,,0,0,,,,,,1
0022100232,526,2,1,4,9:45 PM,8:53,,,MISS Davis 28' 3PT Jump Shot,,,5,203076,Anthony Davis,1610612747.0,Los Angeles,Lakers,LAL,0,0,,,,,,0,0,,,,,,1
0022100232,527,4,0,4,9:45 PM,8:50,Richardson REBOUND (Off:1 Def:3),,,,,4,1626196,Josh Richardson,1610612738.0,Boston,Celtics,BOS,0,0,,,,,,0,0,,,,,,1
0022100232,529,6,2,4,9:45 PM,8:44,,,Anthony S.FOUL (P4.T4) (S.Wright),,,5,2546,Carmelo Anthony,1610612747.0,Los Angeles,Lakers,LAL,4,201143,Al Horford,1610612738.0,Boston,Celtics,BOS,1,0,,,,,,1
0022100232,531,3,11,4,9:46 PM,8:44,MISS Horford Free Throw 1 of 2,,,,,4,201143,Al Horford,1610612738.0,Boston,Celtics,BOS,0,0,,,,,,0,0,,,,,,1
0022100232,532,4,1,4,9:46 PM,8:44,CELTICS Rebound,,,,,2,1610612738,,,,,,0,0,,,,,,0,0,,,,,,0
0022100232,533,3,12,4,9:46 PM,8:44,MISS Horford Free Throw 2 of 2,,,,,4,201143,Al Horford,1610612738.0,Boston,Celtics,BOS,0,0,,,,,,0,0,,,,,,1
0022100232,534,4,0,4,9:46 PM,8:44,,,Westbrook REBOUND (Off:1 Def:3),,,5,201566,Russell Westbrook,1610612747.0,Los Angeles,Lakers,LAL,0,0,,,,,,0,0,,,,,,1
0022100232,535,2,47,4,9:46 PM,8:28,,,MISS Anthony 16' Turnaround Jump Shot,,,5,2546,Carmelo Anthony,1610612747.0,Los Angeles,Lakers,LAL,0,0,,,,,,0,0,,,,,,1
0022100232,536,4,0,4,9:46 PM,8:23,,,Davis REBOUND (Off:1 Def:4),,,5,203076,Anthony Davis,1610612747.0,Los Angeles,Lakers,LAL,0,0,,,,,,0,0,,,,,,1
0022100232,537,1,72,4,9:46 PM,8:22,,,Davis 1' Putback Layup (29 PTS),94 - 103,9,5,203076,Anthony Davis,1610612747.0,Los Angeles,Lakers,LAL,0,0,,,,,,0,0,,,,,,1
0022100232,538,2,1,4,9:47 PM,8:11,MISS Langford 3PT Jump Shot,,,,,4,1629641,Romeo Langford,1610612738.0,Boston,Celtics,BOS,0,0,,,,,,0,0,,,,,,1
0022100232,539,4,0,4,9:47 PM,8:08,,,Davis REBOUND (Off:1 Def:5),,,5,203076,Anthony Davis,1610612747.0,Los Angeles,Lakers,LAL,0,0,,,,,,0,0,,,,,,1
0022100232,540,6,1,4,9:47 PM,7:55,Smart P.FOUL (P2.T2) (T.Ford),,,,,4,203935,Marcus Smart,1610612738.0,Boston,Celtics,BOS,5,203076,Anthony Davis,1610612747.0,Los Angeles,Lakers,LAL,1,0,,,,,,1
0022100232,542,2,6,4,9:47 PM,7:42,,,MISS Horton-Tucker 10' Driving Layup,,,5,1629659,Talen Horton-Tucker,1610612747.0,Los Angeles,Lakers,LAL,0,0,,,,,,0,0,,,,,,1
0022100232,543,4,0,4,9:47 PM,7:39,Tatum REBOUND (Off:1 Def:9),,,,,4,1628369,Jayson Tatum,1610612738.0,Boston,Celtics,BOS,0,0,,,,,,0,0,,,,,,1
0022100232,544,1,76,4,9:47 PM,7:36,Tatum 1' Running Finger Roll Layup (31 PTS),,,94 - 105,11,4,1628369,Jayson Tatum,1610612738.0,Boston,Celtics,BOS,0,0,,,,,,0,0,,,,,,1
0022100232,545,2,6,4,9:48 PM,7:27,Horford BLOCK (1 BLK),,MISS Westbrook 7' Driving Layup,,,5,201566,Russell Westbrook,1610612747.0,Los Angeles,Lakers,LAL,0,0,,,,,,4,201143,Al Horford,1610612738.0,Boston,Celtics,BOS,1
0022100232,547,4,0,4,9:48 PM,7:25,Langford REBOUND (Off:1 Def:4),,,,,4,1629641,Romeo Langford,1610612738.0,Boston,Celtics,BOS,0,0,,,,,,0,0,,,,,,1
0022100232,548,6,2,4,9:48 PM,7:20,,,Anthony S.FOUL (P5.PN) (T.Ford),,,5,2546,Carmelo Anthony,1610612747.0,Los Angeles,Lakers,LAL,4,1626196,Josh Richardson,1610612738.0,Boston,Celtics,BOS,1,0,,,,,,1
0022100232,550,3,11,4,9:48 PM,7:20,MISS Richardson Free Throw 1 of 2,,,,,4,1626196,Josh Richardson,1610612738.0,Boston,Celtics,BOS,0,0,,,,,,0,0,,,,,,1
0022100232,551,4,1,4,9:48 PM,7:20,CELTICS Rebound,,,,,2,1610612738,,,,,,0,0,,,,,,0,0,,,,,,0
0022100232,552,8,0,4,9:48 PM,7:20,,,SUB: James FOR Anthony,,,5,2546,Carmelo Anthony,1610612747.0,Los Angeles,Lakers,LAL,5,2544,LeBron James,1610612747.0,Los Angeles,Lakers,LAL,0,0,,,,,,0
0022100232,554,3,12,4,9:49 PM,7:20,Richardson Free Throw 2 of 2 (12 PTS),,,94 - 106,12,4,1626196,Josh Richardson,1610612738.0,Boston,Celtics,BOS,0,0,,,,,,0,0,,,,,,1
0022100232,555,2,63,4,9:49 PM,7:10,,,MISS Davis 18' Fadeaway Jumper,,,5,203076,Anthony Davis,1610612747.0,Los Angeles,Lakers,LAL,0,0,,,,,,0,0,,,,,,1
0022100232,556,4,0,4,9:49 PM,7:08,Smart REBOUND (Off:2 Def:3),,,,,4,203935,Marcus Smart,1610612738.0,Boston,Celtics,BOS,0,0,,,,,,0,0,,,,,,1
0022100232,557,1,6,4,9:49 PM,6:59,Tatum 2' Driving Layup (33 PTS) (Smart 5 AST),,,94 - 108,14,4,1628369,Jayson Tatum,1610612738.0,Boston,Celtics,BOS,4,203935,Marcus Smart,1610612738.0,Boston,Celtics,BOS,0,0,,,,,,1
0022100232,558,6,2,4,9:49 PM,6:59,,,Westbrook S.FOUL (P5.PN) (R.Acosta),,,5,201566,Russell Westbrook,1610612747.0,Los Angeles,Lakers,LAL,4,1628369,Jayson Tatum,1610612738.0,Boston,Celtics,BOS,1,0,,,,,,1
0022100232,561,3,10,4,9:50 PM,6:59,Tatum Free Throw 1 of 1 (34 PTS),,,94 - 109,15,4,1628369,Jayson Tatum,1610612738.0,Boston,Celtics,BOS,0,0,,,,,,0,0,,,,,,1
0022100232,562,6,2,4,9:50 PM,6:50,Horford S.FOUL (P3.T3) (R.Acosta),,,,,4,201143,Al Horford,1610612738.0,Boston,Celtics,BOS,5,201566,Russell Westbrook,1610612747.0,Los Angeles,Lakers,LAL,1,0,,,,,,1
0022100232,564,3,11,4,9:50 PM,6:50,,,MISS Westbrook Free Throw 1 of 2,,,5,201566,Russell Westbrook,1610612747.0,Los Angeles,Lakers,LAL,0,0,,,,,,0,0,,,,,,1
0022100232,565,4,1,4,9:50 PM,6:50,,,Lakers Rebound,,,3,1610612747,,,,,,0,0,,,,,,0,0,,,,,,0
0022100232,566,3,12,4,9:50 PM,6:50,,,MISS Westbrook Free Throw 2 of 2,,,5,201566,Russell Westbrook,1610612747.0,Los Angeles,Lakers,LAL,0,0,,,,,,0,0,,,,,,1
0022100232,567,4,0,4,9:50 PM,6:48,Smart REBOUND (Off:2 Def:4),,,,,4,203935,Marcus Smart,1610612738.0,Boston,Celtics,BOS,0,0,,,,,,0,0,,,,,,1
0022100232,568,6,2,4,9:51 PM,6:33,,,Davis S.FOUL (P2.PN) (S.Wright),,,5,203076,Anthony Davis,1610612747.0,Los Angeles,Lakers,LAL,4,201143,Al Horford,1610612738.0,Boston,Celtics,BOS,1,0,,,,,,1
0022100232,570,3,11,4,9:51 PM,6:33,Horford Free Throw 1 of 2 (14 PTS),,,94 - 110,16,4,201143,Al Horford,1610612738.0,Boston,Celtics,BOS,0,0,,,,,,0,0,,,,,,1
0022100232,575,3,12,4,9:51 PM,6:33,MISS Horford Free Throw 2 of 2,,,,,4,201143,Al Horford,1610612738.0,Boston,Celtics,BOS,0,0,,,,,,0,0,,,,,,1
0022100232,576,4,0,4,9:51 PM,6:33,,,James REBOUND (Off:1 Def:4),,,5,2544,LeBron James,1610612747.0,Los Angeles,Lakers,LAL,0,0,,,,,,0,0,,,,,,1
0022100232,571,8,0,4,9:51 PM,6:33,SUB: Schroder FOR Langford,,,,,4,1629641,Romeo Langford,1610612738.0,Boston,Celtics,BOS,4,203471,Dennis Schröder,1610612738.0,Boston,Celtics,BOS,0,0,,,,,,0
0022100232,572,8,0,4,9:51 PM,6:33,,,SUB: Rondo FOR Westbrook,,,5,201566,Russell Westbrook,1610612747.0,Los Angeles,Lakers,LAL,5,200765,Rajon Rondo,1610612747.0,Los Angeles,Lakers,LAL,0,0,,,,,,0
0022100232,577,1,52,4,9:52 PM,6:21,,,Davis 2' Alley Oop Dunk (31 PTS) (Rondo 2 AST),96 - 110,14,5,203076,Anthony Davis,1610612747.0,Los Angeles,Lakers,LAL,5,200765,Rajon Rondo,1610612747.0,Los Angeles,Lakers,LAL,0,0,,,,,,1
0022100232,579,2,73,4,9:52 PM,6:08,MISS Tatum 2' Driving Reverse Layup,,,,,4,1628369,Jayson Tatum,1610612738.0,Boston,Celtics,BOS,0,0,,,,,,0,0,,,,,,1
0022100232,580,4,0,4,9:52 PM,6:06,Smart REBOUND (Off:3 Def:4),,,,,4,203935,Marcus Smart,1610612738.0,Boston,Celtics,BOS,0,0,,,,,,0,0,,,,,,1
0022100232,581,1,44,4,9:52 PM,6:05,Smart Reverse Layup (22 PTS),,,96 - 112,16,4,203935,Marcus Smart,1610612738.0,Boston,Celtics,BOS,0,0,,,,,,0,0,,,,,,1
0022100232,582,1,1,4,9:52 PM,6:00,,,James 30' 3PT Jump Shot (23 PTS),99 - 112,13,5,2544,LeBron James,1610612747.0,Los Angeles,Lakers,LAL,0,0,,,,,,0,0,,,,,,1
0022100232,584,2,1,4,9:53 PM,5:34,MISS Horford 3PT Jump Shot,,,,,4,201143,Al Horford,1610612738.0,Boston,Celtics,BOS,0,0,,,,,,0,0,,,,,,1
0022100232,585,4,0,4,9:53 PM,5:33,CELTICS Rebound,,,,,2,1610612738,,,,,,0,0,,,,,,0,0,,,,,,0
0022100232,586,6,3,4,9:53 PM,5:33,,,Monk L.B.FOUL (P2.PN) (R.Acosta),,,5,1628370,Malik Monk,1610612747.0,Los Angeles,Lakers,LAL,4,1626196,Josh Richardson,1610612738.0,Boston,Celtics,BOS,1,0,,,,,,1
0022100232,588,3,11,4,9:53 PM,5:33,Richardson Free Throw 1 of 2 (13 PTS),,,99 - 113,14,4,1626196,Josh Richardson,1610612738.0,Boston,Celtics,BOS,0,0,,,,,,0,0,,,,,,1
0022100232,589,3,12,4,9:53 PM,5:33,MISS Richardson Free Throw 2 of 2,,,,,4,1626196,Josh Richardson,1610612738.0,Boston,Celtics,BOS,0,0,,,,,,0,0,,,,,,1
0022100232,590,4,0,4,9:53 PM,5:33,,,James REBOUND (Off:1 Def:5),,,5,2544,LeBron James,1610612747.0,Los Angeles,Lakers,LAL,0,0,,,,,,0,0,,,,,,1
0022100232,591,2,1,4,9:54 PM,5:24,,,MISS James 27' 3PT Jump Shot,,,5,2544,LeBron James,1610612747.0,Los Angeles,Lakers,LAL,0,0,,,,,,0,0,,,,,,1
0022100232,592,4,0,4,9:54 PM,5:21,Schroder REBOUND (Off:3 Def:3),,,,,4,203471,Dennis Schröder,1610612738.0,Boston,Celtics,BOS,0,0,,,,,,0,0,,,,,,1
0022100232,593,1,1,4,9:54 PM,5:03,Tatum 3PT Jump Shot (37 PTS) (Smart 6 AST),,,99 - 116,17,4,1628369,Jayson Tatum,1610612738.0,Boston,Celtics,BOS,4,203935,Marcus Smart,1610612738.0,Boston,Celtics,BOS,0,0,,,,,,1
0022100232,595,9,1,4,9:54 PM,5:02,,,Lakers Timeout: Regular (Reg.6 Short 0),,,3,1610612747,,,,,,0,0,,,,,,0,0,,,,,,0
0022100232,596,6,11,4,9:54 PM,5:02,Schroder T.FOUL (P3.T3) (R.Acosta),,,,,4,203471,Dennis Schröder,1610612738.0,Boston,Celtics,BOS,0,0,,,,,,1,0,,,,,,1
0022100232,597,3,16,4,9:58 PM,5:02,,,Monk Free Throw Technical (9 PTS),100 - 116,16,5,1628370,Malik Monk,1610612747.0,Los Angeles,Lakers,LAL,0,0,,,,,,0,0,,,,,,1
0022100232,598,5,1,4,9:58 PM,4:52,Tatum STEAL (3 STL),,Rondo Bad Pass Turnover (P1.T11),,,5,200765,Rajon Rondo,1610612747.0,Los Angeles,Lakers,LAL,4,1628369,Jayson Tatum,1610612738.0,Boston,Celtics,BOS,0,0,,,,,,1
0022100232,600,1,41,4,9:58 PM,4:49,Richardson 3' Running Layup (15 PTS) (Tatum 2 AST),,,100 - 118,18,4,1626196,Josh Richardson,1610612738.0,Boston,Celtics,BOS,4,1628369,Jayson Tatum,1610612738.0,Boston,Celtics,BOS,0,0,,,,,,1
0022100232,602,2,6,4,9:58 PM,4:42,,,MISS Monk 7' Driving Layup,,,5,1628370,Malik Monk,1610612747.0,Los Angeles,Lakers,LAL,0,0,,,,,,0,0,,,,,,1
0022100232,603,4,0,4,9:58 PM,4:40,Tatum REBOUND (Off:1 Def:10),,,,,4,1628369,Jayson Tatum,1610612738.0,Boston,Celtics,BOS,0,0,,,,,,0,0,,,,,,1
0022100232,604,2,63,4,9:59 PM,4:27,MISS Richardson 14' Fadeaway Jumper,,,,,4,1626196,Josh Richardson,1610612738.0,Boston,Celtics,BOS,0,0,,,,,,0,0,,,,,,1
0022100232,605,4,0,4,9:59 PM,4:26,CELTICS Rebound,,,,,2,1610612738,,,,,,0,0,,,,,,0,0,,,,,,0
0022100232,606,6,3,4,9:59 PM,4:26,,,Rondo L.B.FOUL (P3.PN) (S.Wright),,,5,200765,Rajon Rondo,1610612747.0,Los Angeles,Lakers,LAL,4,201143,Al Horford,1610612738.0,Boston,Celtics,BOS,1,0,,,,,,1
0022100232,608,3,11,4,9:59 PM,4:26,Horford Free Throw 1 of 2 (15 PTS),,,100 - 119,19,4,201143,Al Horford,1610612738.0,Boston,Celtics,BOS,0,0,,,,,,0,0,,,,,,1
0022100232,609,8,0,4,9:59 PM,4:26,,,SUB: Ellington FOR Davis,,,5,203076,Anthony Davis,1610612747.0,Los Angeles,Lakers,LAL,5,201961,Wayne Ellington,1610612747.0,Los Angeles,Lakers,LAL,0,0,,,,,,0
0022100232,610,8,0,4,9:59 PM,4:26,,,SUB: Bazemore FOR Horton-Tucker,,,5,1629659,Talen Horton-Tucker,1610612747.0,Los Angeles,Lakers,LAL,5,203145,Kent Bazemore,1610612747.0,Los Angeles,Lakers,LAL,0,0,,,,,,0
0022100232,611,8,0,4,9:59 PM,4:26,,,SUB: Bradley FOR James,,,5,2544,LeBron James,1610612747.0,Los Angeles,Lakers,LAL,5,202340,Avery Bradley,1610612747.0,Los Angeles,Lakers,LAL,0,0,,,,,,0
0022100232,612,8,0,4,9:59 PM,4:26,,,SUB: Howard FOR Monk,,,5,1628370,Malik Monk,1610612747.0,Los Angeles,Lakers,LAL,5,2730,Dwight Howard,1610612747.0,Los Angeles,Lakers,LAL,0,0,,,,,,0
0022100232,617,3,12,4,10:00 PM,4:26,Horford Free Throw 2 of 2 (16 PTS),,,100 - 120,20,4,201143,Al Horford,1610612738.0,Boston,Celtics,BOS,0,0,,,,,,0,0,,,,,,1
0022100232,618,2,1,4,10:00 PM,4:15,,,MISS Rondo 28' 3PT Jump Shot,,,5,200765,Rajon Rondo,1610612747.0,Los Angeles,Lakers,LAL,0,0,,,,,,0,0,,,,,,1
0022100232,619,4,0,4,10:00 PM,4:13,Smart REBOUND (Off:3 Def:5),,,,,4,203935,Marcus Smart,1610612738.0,Boston,Celtics,BOS,0,0,,,,,,0,0,,,,,,1
0022100232,620,6,2,4,10:00 PM,3:58,,,Ellington S.FOUL (P2.PN) (R.Acosta),,,5,201961,Wayne Ellington,1610612747.0,Los Angeles,Lakers,LAL,4,201143,Al Horford,1610612738.0,Boston,Celtics,BOS,1,0,,,,,,1
0022100232,622,3,11,4,10:01 PM,3:58,Horford Free Throw 1 of 2 (17 PTS),,,100 - 121,21,4,201143,Al Horford,1610612738.0,Boston,Celtics,BOS,0,0,,,,,,0,0,,,,,,1
0022100232,623,3,12,4,10:01 PM,3:58,Horford Free Throw 2 of 2 (18 PTS),,,100 - 122,22,4,201143,Al Horford,1610612738.0,Boston,Celtics,BOS,0,0,,,,,,0,0,,,,,,1
0022100232,624,1,98,4,10:01 PM,3:45,,,Bazemore 5' Cutting Layup Shot (2 PTS) (Howard 1 AST),102 - 122,20,5,203145,Kent Bazemore,1610612747.0,Los Angeles,Lakers,LAL,5,2730,Dwight Howard,1610612747.0,Los Angeles,Lakers,LAL,0,0,,,,,,1
0022100232,626,6,2,4,10:01 PM,3:45,Schroder S.FOUL (P4.T4) (R.Acosta),,,,,4,203471,Dennis Schröder,1610612738.0,Boston,Celtics,BOS,5,203145,Kent Bazemore,1610612747.0,Los Angeles,Lakers,LAL,1,0,,,,,,1
0022100232,628,9,1,4,10:01 PM,3:45,CELTICS Timeout: Regular (Full 5 Short 0),,,,,2,1610612738,,,,,,0,0,,,,,,0,0,,,,,,0
0022100232,629,8,0,4,10:03 PM,3:45,SUB: Hernangomez FOR Tatum,,,,,4,1628369,Jayson Tatum,1610612738.0,Boston,Celtics,BOS,4,1627823,Juancho Hernangomez,1610612738.0,Boston,Celtics,BOS,0,0,,,,,,0
0022100232,630,8,0,4,10:03 PM,3:45,SUB: Nesmith FOR Smart,,,,,4,203935,Marcus Smart,1610612738.0,Boston,Celtics,BOS,4,1630174,Aaron Nesmith,1610612738.0,Boston,Celtics,BOS,0,0,,,,,,0
0022100232,631,8,0,4,10:03 PM,3:45,SUB: Kanter FOR Horford,,,,,4,201143,Al Horford,1610612738.0,Boston,Celtics,BOS,4,202683,Enes Freedom,1610612738.0,Boston,Celtics,BOS,0,0,,,,,,0
0022100232,635,3,10,4,10:03 PM,3:45,,,Bazemore Free Throw 1 of 1 (3 PTS),103 - 122,19,5,203145,Kent Bazemore,1610612747.0,Los Angeles,Lakers,LAL,0,0,,,,,,0,0,,,,,,1
0022100232,636,2,78,4,10:04 PM,3:24,MISS Richardson 10' Floating Jump Shot,,,,,4,1626196,Josh Richardson,1610612738.0,Boston,Celtics,BOS,0,0,,,,,,0,0,,,,,,1
0022100232,637,4,0,4,10:04 PM,3:21,,,Howard REBOUND (Off:2 Def:2),,,5,2730,Dwight Howard,1610612747.0,Los Angeles,Lakers,LAL,0,0,,,,,,0,0,,,,,,1
0022100232,638,2,79,4,10:04 PM,3:13,,,MISS Bazemore 14' Pullup Jump Shot,,,5,203145,Kent Bazemore,1610612747.0,Los Angeles,Lakers,LAL,0,0,,,,,,0,0,,,,,,1
0022100232,639,4,0,4,10:04 PM,3:10,Kanter REBOUND (Off:0 Def:5),,,,,4,202683,Enes Freedom,1610612738.0,Boston,Celtics,BOS,0,0,,,,,,0,0,,,,,,1
0022100232,640,6,4,4,10:04 PM,2:59,Kanter OFF.Foul (P3) (R.Acosta),,,,,4,202683,Enes Freedom,1610612738.0,Boston,Celtics,BOS,5,203145,Kent Bazemore,1610612747.0,Los Angeles,Lakers,LAL,1,0,,,,,,1
0022100232,642,5,37,4,10:04 PM,2:59,Kanter Offensive Foul Turnover (P3.T13),,,,,4,202683,Enes Freedom,1610612738.0,Boston,Celtics,BOS,0,0,,,,,,1,0,,,,,,1
0022100232,643,8,0,4,10:04 PM,2:59,SUB: Pritchard FOR Schroder,,,,,4,203471,Dennis Schröder,1610612738.0,Boston,Celtics,BOS,4,1630202,Payton Pritchard,1610612738.0,Boston,Celtics,BOS,0,0,,,,,,0
0022100232,645,2,98,4,10:05 PM,2:46,,,MISS Bazemore 5' Cutting Layup Shot,,,5,203145,Kent Bazemore,1610612747.0,Los Angeles,Lakers,LAL,0,0,,,,,,0,0,,,,,,1
0022100232,646,4,0,4,10:05 PM,2:44,Kanter REBOUND (Off:0 Def:6),,,,,4,202683,Enes Freedom,1610612738.0,Boston,Celtics,BOS,0,0,,,,,,0,0,,,,,,1
0022100232,647,1,1,4,10:05 PM,2:32,Pritchard 28' 3PT Jump Shot (3 PTS) (Kanter 1 AST),,,103 - 125,22,4,1630202,Payton Pritchard,1610612738.0,Boston,Celtics,BOS,4,202683,Enes Freedom,1610612738.0,Boston,Celtics,BOS,0,0,,,,,,1
0022100232,648,2,1,4,10:05 PM,2:15,,,MISS Ellington 28' 3PT Jump Shot,,,5,201961,Wayne Ellington,1610612747.0,Los Angeles,Lakers,LAL,0,0,,,,,,0,0,,,,,,1
0022100232,649,4,0,4,10:05 PM,2:13,Hernangomez REBOUND (Off:0 Def:1),,,,,4,1627823,Juancho Hernangomez,1610612738.0,Boston,Celtics,BOS,0,0,,,,,,0,0,,,,,,1
0022100232,651,2,1,4,10:05 PM,1:58,MISS Hernangomez 31' 3PT Jump Shot,,,,,4,1627823,Juancho Hernangomez,1610612738.0,Boston,Celtics,BOS,0,0,,,,,,0,0,,,,,,1
0022100232,652,4,0,4,10:05 PM,1:56,,,Bazemore REBOUND (Off:0 Def:1),,,5,203145,Kent Bazemore,1610612747.0,Los Angeles,Lakers,LAL,0,0,,,,,,0,0,,,,,,1
0022100232,653,2,1,4,10:06 PM,1:50,,,MISS Ellington 26' 3PT Jump Shot,,,5,201961,Wayne Ellington,1610612747.0,Los Angeles,Lakers,LAL,0,0,,,,,,0,0,,,,,,1
0022100232,654,4,0,4,10:06 PM,1:48,Hernangomez REBOUND (Off:0 Def:2),,,,,4,1627823,Juancho Hernangomez,1610612738.0,Boston,Celtics,BOS,0,0,,,,,,0,0,,,,,,1
0022100232,655,5,40,4,10:06 PM,1:36,Pritchard Out of Bounds Lost Ball Turnover (P1.T14),,,,,4,1630202,Payton Pritchard,1610612738.0,Boston,Celtics,BOS,0,0,,,,,,1,0,,,,,,1
0022100232,656,8,0,4,10:06 PM,1:36,SUB: Langford FOR Richardson,,,,,4,1626196,Josh Richardson,1610612738.0,Boston,Celtics,BOS,4,1629641,Romeo Langford,1610612738.0,Boston,Celtics,BOS,0,0,,,,,,0
0022100232,658,1,101,4,10:06 PM,1:24,,,Bazemore 5' Driving Floating Jump Shot (5 PTS) (Howard 2 AST),105 - 125,20,5,203145,Kent Bazemore,1610612747.0,Los Angeles,Lakers,LAL,5,2730,Dwight Howard,1610612747.0,Los Angeles,Lakers,LAL,0,0,,,,,,1
0022100232,660,6,2,4,10:07 PM,1:02,,,Howard S.FOUL (P2.PN) (T.Ford),,,5,2730,Dwight Howard,1610612747.0,Los Angeles,Lakers,LAL,4,1630202,Payton Pritchard,1610612738.0,Boston,Celtics,BOS,1,0,,,,,,1
0022100232,662,3,11,4,10:07 PM,1:02,Pritchard Free Throw 1 of 2 (4 PTS),,,105 - 126,21,4,1630202,Payton Pritchard,1610612738.0,Boston,Celtics,BOS,0,0,,,,,,0,0,,,,,,1
0022100232,663,3,12,4,10:07 PM,1:02,Pritchard Free Throw 2 of 2 (5 PTS),,,105 - 127,22,4,1630202,Payton Pritchard,1610612738.0,Boston,Celtics,BOS,0,0,,,,,,0,0,,,,,,1
0022100232,664,2,79,4,10:07 PM,0:52,,,MISS Bradley 19' Pullup Jump Shot,,,5,202340,Avery Bradley,1610612747.0,Los Angeles,Lakers,LAL,0,0,,,,,,0,0,,,,,,1
0022100232,665,4,0,4,10:08 PM,0:50,Kanter REBOUND (Off:0 Def:7),,,,,4,202683,Enes Freedom,1610612738.0,Boston,Celtics,BOS,0,0,,,,,,0,0,,,,,,1
0022100232,666,1,1,4,10:08 PM,0:40,Kanter 27' 3PT Jump Shot (5 PTS) (Pritchard 1 AST),,,105 - 130,25,4,202683,Enes Freedom,1610612738.0,Boston,Celtics,BOS,4,1630202,Payton Pritchard,1610612738.0,Boston,Celtics,BOS,0,0,,,,,,1
0022100232,668,1,1,4,10:08 PM,0:33,,,Howard 27' 3PT Jump Shot (7 PTS) (Bazemore 1 AST),108 - 130,22,5,2730,Dwight Howard,1610612747.0,Los Angeles,Lakers,LAL,5,203145,Kent Bazemore,1610612747.0,Los Angeles,Lakers,LAL,0,0,,,,,,1
0022100232,670,2,6,4,10:08 PM,0:15,MISS Pritchard 3' Driving Layup,,Bazemore BLOCK (1 BLK),,,4,1630202,Payton Pritchard,1610612738.0,Boston,Celtics,BOS,0,0,,,,,,5,203145,Kent Bazemore,1610612747.0,Los Angeles,Lakers,LAL,1
0022100232,672,4,0,4,10:08 PM,0:14,Nesmith REBOUND (Off:1 Def:0),,,,,4,1630174,Aaron Nesmith,1610612738.0,Boston,Celtics,BOS,0,0,,,,,,0,0,,,,,,1
0022100232,673,2,1,4,10:08 PM,0:08,MISS Pritchard 27' 3PT Jump Shot,,,,,4,1630202,Payton Pritchard,1610612738.0,Boston,Celtics,BOS,0,0,,,,,,0,0,,,,,,1
0022100232,674,4,0,4,10:08 PM,0:04,,,Bradley REBOUND (Off:0 Def:4),,,5,202340,Avery Bradley,1610612747.0,Los Angeles,Lakers,LAL,0,0,,,,,,0,0,,,,,,1
0022100232,677,5,2,4,10:08 PM,0:01,Hernangomez STEAL (1 STL),,Bradley Lost Ball Turnover (P3.T12),,,5,202340,Avery Bradley,1610612747.0,Los Angeles,Lakers,LAL,4,1627823,Juancho Hernangomez,1610612738.0,Boston,Celtics,BOS,0,0,,,,,,0
0022100232,675,13,0,4,10:09 PM,0:00,,End of 4th Period (10:09 PM EST),,108 - 130,22,0,0,,,,,,0,0,,,,,,0,0,,,,,,1
