GAME_ID,EVENTNUM,EVENTMSGTYPE,EVENTMSGACTIONTYPE,PERIOD,WCTIMESTRING,PCTIMESTRING,HOMEDESCRIPTION,NEUTRALDESCRIPTION,VISITORDESCRIPTION,SCORE,SCOREMARGIN,PERSON1TYPE,PLAYER1_ID,PLAYER1_NAME,PLAYER1_TEAM_ID,PLAYER1_TEAM_CITY,PLAYER1_TEAM_NICKNAME,PLAYER1_TEAM_ABBREVIATION,PERSON2TYPE,PLAYER2_ID,PLAYER2_NAME,PLAYER2_TEAM_ID,PLAYER2_TEAM_CITY,PLAYER2_TEAM_NICKNAME,PLAYER2_TEAM_ABBREVIATION,PERSON3TYPE,PLAYER3_ID,PLAYER3_NAME,PLAYER3_TEAM_ID,PLAYER3_TEAM_CITY,PLAYER3_TEAM_NICKNAME,PLAYER3_TEAM_ABBREVIATION,VIDEO_AVAILABLE_FLAG
0022100511,2,12,0,1,8:11 PM,12:00,,Start of 1st Period (8:11 PM EST),,,,0,0,,,,,,0,0,,,,,,0,0,,,,,,0
0022100511,4,10,0,1,8:11 PM,12:00,Jump Ball Wood vs. James: Tip to Westbrook,,,,,4,1626174,Christian Wood,1610612745.0,Houston,Rockets,HOU,5,2544,LeBron James,1610612747.0,Los Angeles,Lakers,LAL,5,201566,Russell Westbrook,1610612747.0,Los Angeles,Lakers,LAL,1
0022100511,7,2,75,1,8:11 PM,11:40,,,MISS Monk 8' Driving Finger Roll Layup,,,5,1628370,Malik Monk,1610612747.0,Los Angeles,Lakers,LAL,0,0,,,,,,0,0,,,,,,1
0022100511,8,4,0,1,8:11 PM,11:38,Wood REBOUND (Off:0 Def:1),,,,,4,1626174,Christian Wood,1610612745.0,Houston,Rockets,HOU,0,0,,,,,,0,0,,,,,,1
0022100511,9,1,1,1,8:12 PM,11:28,Wood 24' 3PT Jump Shot (3 PTS) (Porter Jr. 1 AST),,,0 - 3,3,4,1626174,Christian Wood,1610612745.0,Houston,Rockets,HOU,4,1629645,Kevin Porter Jr.,1610612745.0,Houston,Rockets,HOU,0,0,,,,,,1
0022100511,11,1,6,1,8:12 PM,11:19,,,Westbrook 1' Driving Layup (2 PTS),2 - 3,1,5,201566,Russell Westbrook,1610612747.0,Los Angeles,Lakers,LAL,0,0,,,,,,0,0,,,,,,1
0022100511,12,2,1,1,8:12 PM,10:53,MISS Wood 26' 3PT Jump Shot,,,,,4,1626174,Christian Wood,1610612745.0,Houston,Rockets,HOU,0,0,,,,,,0,0,,,,,,1
0022100511,13,4,0,1,8:12 PM,10:50,,,Westbrook REBOUND (Off:0 Def:1),,,5,201566,Russell Westbrook,1610612747.0,Los Angeles,Lakers,LAL,0,0,,,,,,0,0,,,,,,1
0022100511,14,1,1,1,8:12 PM,10:40,,,James 26' 3PT Jump Shot (3 PTS) (Westbrook 1 AST),5 - 3,-2,5,2544,LeBron James,1610612747.0,Los Angeles,Lakers,LAL,5,201566,Russell Westbrook,1610612747.0,Los Angeles,Lakers,LAL,0,0,,,,,,1
0022100511,16,2,79,1,8:13 PM,10:22,MISS Green 25' 3PT Pullup Jump Shot,,,,,4,1630224,Jalen Green,1610612745.0,Houston,Rockets,HOU,0,0,,,,,,0,0,,,,,,1
0022100511,17,4,0,1,8:13 PM,10:20,,,James REBOUND (Off:0 Def:1),,,5,2544,LeBron James,1610612747.0,Los Angeles,Lakers,LAL,0,0,,,,,,0,0,,,,,,1
0022100511,18,2,76,1,8:13 PM,10:15,,,MISS Westbrook 1' Running Finger Roll Layup,,,5,201566,Russell Westbrook,1610612747.0,Los Angeles,Lakers,LAL,0,0,,,,,,0,0,,,,,,1
0022100511,19,4,0,1,8:13 PM,10:14,Wood REBOUND (Off:0 Def:2),,,,,4,1626174,Christian Wood,1610612745.0,Houston,Rockets,HOU,0,0,,,,,,0,0,,,,,,1
0022100511,20,5,1,1,8:13 PM,10:08,Wood Bad Pass Turnover (P1.T1),,Bradley STEAL (1 STL),,,4,1626174,Christian Wood,1610612745.0,Houston,Rockets,HOU,5,202340,Avery Bradley,1610612747.0,Los Angeles,Lakers,LAL,0,0,,,,,,1
0022100511,22,2,1,1,8:13 PM,10:02,,,MISS James 29' 3PT Jump Shot,,,5,2544,LeBron James,1610612747.0,Los Angeles,Lakers,LAL,0,0,,,,,,0,0,,,,,,1
0022100511,23,4,0,1,8:13 PM,10:01,ROCKETS Rebound,,,,,2,1610612745,,,,,,0,0,,,,,,0,0,,,,,,0
0022100511,25,2,102,1,8:13 PM,9:43,MISS Porter Jr. 3' Driving Floating Bank Jump Shot,,,,,4,1629645,Kevin Porter Jr.,1610612745.0,Houston,Rockets,HOU,0,0,,,,,,0,0,,,,,,1
0022100511,26,4,0,1,8:13 PM,9:42,,,Westbrook REBOUND (Off:0 Def:2),,,5,201566,Russell Westbrook,1610612747.0,Los Angeles,Lakers,LAL,0,0,,,,,,0,0,,,,,,1
0022100511,27,2,73,1,8:14 PM,9:34,,,MISS Bradley 2' Driving Reverse Layup,,,5,202340,Avery Bradley,1610612747.0,Los Angeles,Lakers,LAL,0,0,,,,,,0,0,,,,,,1
0022100511,28,4,0,1,8:14 PM,9:32,Gordon REBOUND (Off:0 Def:1),,,,,4,201569,Eric Gordon,1610612745.0,Houston,Rockets,HOU,0,0,,,,,,0,0,,,,,,1
0022100511,29,5,45,1,8:14 PM,9:28,Porter Jr. Out of Bounds - Bad Pass Turnover Turnover (P1.T2),,,,,4,1629645,Kevin Porter Jr.,1610612745.0,Houston,Rockets,HOU,0,0,,,,,,1,0,,,,,,1
0022100511,30,6,2,1,8:14 PM,9:13,Wood S.FOUL (P1.T1) (B.Haskill),,,,,4,1626174,Christian Wood,1610612745.0,Houston,Rockets,HOU,5,1628370,Malik Monk,1610612747.0,Los Angeles,Lakers,LAL,1,0,,,,,,1
0022100511,32,3,11,1,8:14 PM,9:13,,,Monk Free Throw 1 of 2 (1 PTS),6 - 3,-3,5,1628370,Malik Monk,1610612747.0,Los Angeles,Lakers,LAL,0,0,,,,,,0,0,,,,,,1
0022100511,33,3,12,1,8:15 PM,9:13,,,Monk Free Throw 2 of 2 (2 PTS),7 - 3,-4,5,1628370,Malik Monk,1610612747.0,Los Angeles,Lakers,LAL,0,0,,,,,,0,0,,,,,,1
0022100511,35,1,1,1,8:15 PM,8:49,Wood 26' 3PT Jump Shot (6 PTS) (Green 1 AST),,,7 - 6,-1,4,1626174,Christian Wood,1610612745.0,Houston,Rockets,HOU,4,1630224,Jalen Green,1610612745.0,Houston,Rockets,HOU,0,0,,,,,,1
0022100511,37,2,1,1,8:15 PM,8:38,,,MISS Johnson 24' 3PT Jump Shot,,,5,1626169,Stanley Johnson,1610612747.0,Los Angeles,Lakers,LAL,0,0,,,,,,0,0,,,,,,1
0022100511,38,4,0,1,8:16 PM,8:37,,,Lakers Rebound,,,3,1610612747,,,,,,0,0,,,,,,0,0,,,,,,0
0022100511,40,1,1,1,8:16 PM,8:32,,,James 16' Jump Shot (5 PTS),9 - 6,-3,5,2544,LeBron James,1610612747.0,Los Angeles,Lakers,LAL,0,0,,,,,,0,0,,,,,,1
0022100511,41,1,79,1,8:16 PM,8:22,Porter Jr. 27' 3PT Pullup Jump Shot (3 PTS),,,9 - 9,TIE,4,1629645,Kevin Porter Jr.,1610612745.0,Houston,Rockets,HOU,0,0,,,,,,0,0,,,,,,1
0022100511,42,6,1,1,8:16 PM,8:14,Porter Jr. P.FOUL (P1.T2) (E.Lewis),,,,,4,1629645,Kevin Porter Jr.,1610612745.0,Houston,Rockets,HOU,5,201566,Russell Westbrook,1610612747.0,Los Angeles,Lakers,LAL,1,0,,,,,,1
0022100511,44,1,1,1,8:16 PM,8:12,,,Monk 25' 3PT Jump Shot (5 PTS) (Westbrook 2 AST),12 - 9,-3,5,1628370,Malik Monk,1610612747.0,Los Angeles,Lakers,LAL,5,201566,Russell Westbrook,1610612747.0,Los Angeles,Lakers,LAL,0,0,,,,,,1
0022100511,46,1,79,1,8:17 PM,7:45,Porter Jr. 26' 3PT Pullup Jump Shot (6 PTS) (Wood 1 AST),,,12 - 12,TIE,4,1629645,Kevin Porter Jr.,1610612745.0,Houston,Rockets,HOU,4,1626174,Christian Wood,1610612745.0,Houston,Rockets,HOU,0,0,,,,,,1
0022100511,48,2,1,1,8:17 PM,7:33,,,MISS Monk 24' 3PT Jump Shot,,,5,1628370,Malik Monk,1610612747.0,Los Angeles,Lakers,LAL,0,0,,,,,,0,0,,,,,,1
0022100511,49,4,0,1,8:17 PM,7:31,Wood REBOUND (Off:0 Def:3),,,,,4,1626174,Christian Wood,1610612745.0,Houston,Rockets,HOU,0,0,,,,,,0,0,,,,,,1
0022100511,50,1,47,1,8:17 PM,7:23,Wood 6' Turnaround Jump Shot (8 PTS) (Porter Jr. 2 AST),,,12 - 14,2,4,1626174,Christian Wood,1610612745.0,Houston,Rockets,HOU,4,1629645,Kevin Porter Jr.,1610612745.0,Houston,Rockets,HOU,0,0,,,,,,1
0022100511,52,9,1,1,8:17 PM,7:17,,,Lakers Timeout: Regular (Reg.1 Short 0),,,3,1610612747,,,,,,0,0,,,,,,0,0,,,,,,0
0022100511,55,2,86,1,8:21 PM,6:58,,,MISS James 20' Turnaround Fadeaway Shot,,,5,2544,LeBron James,1610612747.0,Los Angeles,Lakers,LAL,0,0,,,,,,0,0,,,,,,1
0022100511,56,4,0,1,8:22 PM,6:56,,,Westbrook REBOUND (Off:1 Def:2),,,5,201566,Russell Westbrook,1610612747.0,Los Angeles,Lakers,LAL,0,0,,,,,,0,0,,,,,,1
0022100511,57,5,1,1,8:22 PM,6:55,Wood STEAL (1 STL),,Westbrook Bad Pass Turnover (P1.T1),,,5,201566,Russell Westbrook,1610612747.0,Los Angeles,Lakers,LAL,4,1626174,Christian Wood,1610612745.0,Houston,Rockets,HOU,0,0,,,,,,1
0022100511,59,1,106,1,8:22 PM,6:50,Green 2' Running Alley Oop Dunk Shot (2 PTS) (Porter Jr. 3 AST),,,12 - 16,4,4,1630224,Jalen Green,1610612745.0,Houston,Rockets,HOU,4,1629645,Kevin Porter Jr.,1610612745.0,Houston,Rockets,HOU,0,0,,,,,,1
0022100511,62,8,0,1,8:22 PM,6:36,,,SUB: Horton-Tucker FOR Westbrook,,,5,201566,Russell Westbrook,1610612747.0,Los Angeles,Lakers,LAL,5,1629659,Talen Horton-Tucker,1610612747.0,Los Angeles,Lakers,LAL,0,0,,,,,,0
0022100511,64,1,78,1,8:22 PM,6:26,,,Monk 5' Floating Jump Shot (7 PTS),14 - 16,2,5,1628370,Malik Monk,1610612747.0,Los Angeles,Lakers,LAL,0,0,,,,,,0,0,,,,,,1
0022100511,65,5,1,1,8:23 PM,6:01,Wood Bad Pass Turnover (P2.T3),,Monk STEAL (1 STL),,,4,1626174,Christian Wood,1610612745.0,Houston,Rockets,HOU,5,1628370,Malik Monk,1610612747.0,Los Angeles,Lakers,LAL,0,0,,,,,,1
0022100511,67,2,1,1,8:23 PM,5:55,,,MISS Bradley 3PT Jump Shot,,,5,202340,Avery Bradley,1610612747.0,Los Angeles,Lakers,LAL,0,0,,,,,,0,0,,,,,,1
0022100511,68,4,0,1,8:23 PM,5:53,,,James REBOUND (Off:1 Def:1),,,5,2544,LeBron James,1610612747.0,Los Angeles,Lakers,LAL,0,0,,,,,,0,0,,,,,,1
0022100511,69,2,5,1,8:23 PM,5:50,Nwaba BLOCK (1 BLK),,MISS Monk 4' Layup,,,5,1628370,Malik Monk,1610612747.0,Los Angeles,Lakers,LAL,0,0,,,,,,4,1628021,David Nwaba,1610612745.0,Houston,Rockets,HOU,1
0022100511,71,4,0,1,8:23 PM,5:47,,,Bradley REBOUND (Off:1 Def:0),,,5,202340,Avery Bradley,1610612747.0,Los Angeles,Lakers,LAL,0,0,,,,,,0,0,,,,,,1
0022100511,72,2,1,1,8:23 PM,5:45,,,MISS Johnson 24' 3PT Jump Shot,,,5,1626169,Stanley Johnson,1610612747.0,Los Angeles,Lakers,LAL,0,0,,,,,,0,0,,,,,,1
0022100511,73,4,0,1,8:23 PM,5:43,Nwaba REBOUND (Off:0 Def:1),,,,,4,1628021,David Nwaba,1610612745.0,Houston,Rockets,HOU,0,0,,,,,,0,0,,,,,,1
0022100511,74,1,75,1,8:23 PM,5:36,Gordon 2' Driving Finger Roll Layup (2 PTS),,,14 - 18,4,4,201569,Eric Gordon,1610612745.0,Houston,Rockets,HOU,0,0,,,,,,0,0,,,,,,1
0022100511,75,1,79,1,8:23 PM,5:24,,,James 25' 3PT Pullup Jump Shot (8 PTS),17 - 18,1,5,2544,LeBron James,1610612747.0,Los Angeles,Lakers,LAL,0,0,,,,,,0,0,,,,,,1
0022100511,76,6,2,1,8:24 PM,5:06,,,Bradley S.FOUL (P1.T1) (B.Haskill),,,5,202340,Avery Bradley,1610612747.0,Los Angeles,Lakers,LAL,4,1626174,Christian Wood,1610612745.0,Houston,Rockets,HOU,1,0,,,,,,1
0022100511,78,3,11,1,8:24 PM,5:06,MISS Wood Free Throw 1 of 2,,,,,4,1626174,Christian Wood,1610612745.0,Houston,Rockets,HOU,0,0,,,,,,0,0,,,,,,1
0022100511,79,4,1,1,8:24 PM,5:06,ROCKETS Rebound,,,,,2,1610612745,,,,,,0,0,,,,,,0,0,,,,,,0
0022100511,88,3,12,1,8:24 PM,5:06,MISS Wood Free Throw 2 of 2,,,,,4,1626174,Christian Wood,1610612745.0,Houston,Rockets,HOU,0,0,,,,,,0,0,,,,,,1
0022100511,89,4,0,1,8:24 PM,5:06,,,Horton-Tucker REBOUND (Off:0 Def:1),,,5,1629659,Talen Horton-Tucker,1610612747.0,Los Angeles,Lakers,LAL,0,0,,,,,,0,0,,,,,,1
0022100511,80,8,0,1,8:24 PM,5:06,SUB: Brooks FOR Green,,,,,4,1630224,Jalen Green,1610612745.0,Houston,Rockets,HOU,4,1629717,Armoni Brooks,1610612745.0,Houston,Rockets,HOU,0,0,,,,,,0
0022100511,81,8,0,1,8:24 PM,5:06,SUB: Christopher FOR Gordon,,,,,4,201569,Eric Gordon,1610612745.0,Houston,Rockets,HOU,4,1630528,Josh Christopher,1610612745.0,Houston,Rockets,HOU,0,0,,,,,,0
0022100511,82,8,0,1,8:24 PM,5:06,,,SUB: Collison FOR Johnson,,,5,1626169,Stanley Johnson,1610612747.0,Los Angeles,Lakers,LAL,5,201954,Darren Collison,1610612747.0,Los Angeles,Lakers,LAL,0,0,,,,,,0
0022100511,83,8,0,1,8:24 PM,5:06,,,SUB: Anthony FOR Bradley,,,5,202340,Avery Bradley,1610612747.0,Los Angeles,Lakers,LAL,5,2546,Carmelo Anthony,1610612747.0,Los Angeles,Lakers,LAL,0,0,,,,,,0
0022100511,90,5,2,1,8:25 PM,4:52,Christopher STEAL (1 STL),,Horton-Tucker Lost Ball Turnover (P1.T2),,,5,1629659,Talen Horton-Tucker,1610612747.0,Los Angeles,Lakers,LAL,4,1630528,Josh Christopher,1610612745.0,Houston,Rockets,HOU,0,0,,,,,,1
0022100511,92,2,1,1,8:25 PM,4:46,MISS Brooks 26' 3PT Jump Shot,,,,,4,1629717,Armoni Brooks,1610612745.0,Houston,Rockets,HOU,0,0,,,,,,0,0,,,,,,1
0022100511,93,4,0,1,8:25 PM,4:42,,,Anthony REBOUND (Off:0 Def:1),,,5,2546,Carmelo Anthony,1610612747.0,Los Angeles,Lakers,LAL,0,0,,,,,,0,0,,,,,,1
0022100511,94,1,6,1,8:25 PM,4:39,,,James 2' Driving Layup (10 PTS),19 - 18,-1,5,2544,LeBron James,1610612747.0,Los Angeles,Lakers,LAL,0,0,,,,,,0,0,,,,,,1
0022100511,96,6,2,1,8:25 PM,4:39,Nwaba S.FOUL (P1.T3) (B.Haskill),,,,,4,1628021,David Nwaba,1610612745.0,Houston,Rockets,HOU,5,2544,LeBron James,1610612747.0,Los Angeles,Lakers,LAL,1,0,,,,,,1
0022100511,98,3,10,1,8:26 PM,4:39,,,James Free Throw 1 of 1 (11 PTS),20 - 18,-2,5,2544,LeBron James,1610612747.0,Los Angeles,Lakers,LAL,0,0,,,,,,0,0,,,,,,1
0022100511,99,5,1,1,8:26 PM,4:26,Porter Jr. Bad Pass Turnover (P2.T4),,James STEAL (1 STL),,,4,1629645,Kevin Porter Jr.,1610612745.0,Houston,Rockets,HOU,5,2544,LeBron James,1610612747.0,Los Angeles,Lakers,LAL,0,0,,,,,,1
0022100511,101,1,2,1,8:26 PM,4:20,,,Anthony 26' 3PT Running Jump Shot (3 PTS) (Monk 1 AST),23 - 18,-5,5,2546,Carmelo Anthony,1610612747.0,Los Angeles,Lakers,LAL,5,1628370,Malik Monk,1610612747.0,Los Angeles,Lakers,LAL,0,0,,,,,,1
0022100511,103,9,1,1,8:26 PM,4:19,ROCKETS Timeout: Regular (Full 1 Short 0),,,,,2,1610612745,,,,,,0,0,,,,,,0,0,,,,,,0
0022100511,104,6,2,1,8:29 PM,4:07,,,Horton-Tucker S.FOUL (P1.T2) (B.Adair),,,5,1629659,Talen Horton-Tucker,1610612747.0,Los Angeles,Lakers,LAL,4,1628021,David Nwaba,1610612745.0,Houston,Rockets,HOU,1,0,,,,,,1
0022100511,106,3,11,1,8:30 PM,4:07,Nwaba Free Throw 1 of 2 (1 PTS),,,23 - 19,-4,4,1628021,David Nwaba,1610612745.0,Houston,Rockets,HOU,0,0,,,,,,0,0,,,,,,1
0022100511,107,3,12,1,8:30 PM,4:07,Nwaba Free Throw 2 of 2 (2 PTS),,,23 - 20,-3,4,1628021,David Nwaba,1610612745.0,Houston,Rockets,HOU,0,0,,,,,,0,0,,,,,,1
0022100511,108,1,1,1,8:30 PM,3:51,,,Anthony 26' 3PT Jump Shot (6 PTS) (James 1 AST),26 - 20,-6,5,2546,Carmelo Anthony,1610612747.0,Los Angeles,Lakers,LAL,5,2544,LeBron James,1610612747.0,Los Angeles,Lakers,LAL,0,0,,,,,,1
0022100511,110,2,1,1,8:31 PM,3:37,MISS Porter Jr. 26' 3PT Jump Shot,,,,,4,1629645,Kevin Porter Jr.,1610612745.0,Houston,Rockets,HOU,0,0,,,,,,0,0,,,,,,1
0022100511,111,4,0,1,8:31 PM,3:36,,,Anthony REBOUND (Off:0 Def:2),,,5,2546,Carmelo Anthony,1610612747.0,Los Angeles,Lakers,LAL,0,0,,,,,,0,0,,,,,,1
0022100511,112,1,86,1,8:31 PM,3:23,,,James 12' Turnaround Fadeaway (13 PTS),28 - 20,-8,5,2544,LeBron James,1610612747.0,Los Angeles,Lakers,LAL,0,0,,,,,,0,0,,,,,,1
0022100511,113,1,63,1,8:31 PM,3:10,Porter Jr. 8' Fadeaway Jumper (8 PTS),,,28 - 22,-6,4,1629645,Kevin Porter Jr.,1610612745.0,Houston,Rockets,HOU,0,0,,,,,,0,0,,,,,,1
0022100511,162,5,2,1,8:31 PM,3:00,Christopher STEAL (2 STL),,James Lost Ball Turnover (P1.T3),,,5,2544,LeBron James,1610612747.0,Los Angeles,Lakers,LAL,4,1630528,Josh Christopher,1610612745.0,Houston,Rockets,HOU,0,0,,,,,,1
0022100511,117,1,1,1,8:31 PM,2:48,Brooks 25' 3PT Jump Shot (3 PTS) (Wood 2 AST),,,28 - 25,-3,4,1629717,Armoni Brooks,1610612745.0,Houston,Rockets,HOU,4,1626174,Christian Wood,1610612745.0,Houston,Rockets,HOU,0,0,,,,,,1
0022100511,119,2,80,1,8:32 PM,2:21,,,MISS Monk 26' 3PT Step Back Jump Shot,,,5,1628370,Malik Monk,1610612747.0,Los Angeles,Lakers,LAL,0,0,,,,,,0,0,,,,,,1
0022100511,120,4,0,1,8:32 PM,2:18,Porter Jr. REBOUND (Off:0 Def:1),,,,,4,1629645,Kevin Porter Jr.,1610612745.0,Houston,Rockets,HOU,0,0,,,,,,0,0,,,,,,1
0022100511,121,1,101,1,8:32 PM,2:13,Christopher 5' Driving Floating Jump Shot (2 PTS) (Porter Jr. 4 AST),,,28 - 27,-1,4,1630528,Josh Christopher,1610612745.0,Houston,Rockets,HOU,4,1629645,Kevin Porter Jr.,1610612745.0,Houston,Rockets,HOU,0,0,,,,,,1
0022100511,123,9,1,1,8:32 PM,2:06,,,Lakers Timeout: Regular (Reg.2 Short 0),,,3,1610612747,,,,,,0,0,,,,,,0,0,,,,,,0
0022100511,124,8,0,1,8:33 PM,2:06,SUB: Green FOR Nwaba,,,,,4,1628021,David Nwaba,1610612745.0,Houston,Rockets,HOU,4,1630224,Jalen Green,1610612745.0,Houston,Rockets,HOU,0,0,,,,,,0
0022100511,125,8,0,1,8:33 PM,2:06,SUB: Gordon FOR Porter Jr.,,,,,4,1629645,Kevin Porter Jr.,1610612745.0,Houston,Rockets,HOU,4,201569,Eric Gordon,1610612745.0,Houston,Rockets,HOU,0,0,,,,,,0
0022100511,126,8,0,1,8:33 PM,2:06,,,SUB: Westbrook FOR James,,,5,2544,LeBron James,1610612747.0,Los Angeles,Lakers,LAL,5,201566,Russell Westbrook,1610612747.0,Los Angeles,Lakers,LAL,0,0,,,,,,0
0022100511,127,8,0,1,8:33 PM,2:06,,,SUB: Johnson FOR Monk,,,5,1628370,Malik Monk,1610612747.0,Los Angeles,Lakers,LAL,5,1626169,Stanley Johnson,1610612747.0,Los Angeles,Lakers,LAL,0,0,,,,,,0
0022100511,132,1,79,1,8:34 PM,1:51,,,Anthony 20' Pullup Jump Shot (8 PTS) (Westbrook 3 AST),30 - 27,-3,5,2546,Carmelo Anthony,1610612747.0,Los Angeles,Lakers,LAL,5,201566,Russell Westbrook,1610612747.0,Los Angeles,Lakers,LAL,0,0,,,,,,1
0022100511,134,6,1,1,8:34 PM,1:33,,,Anthony P.FOUL (P1.T3) (E.Lewis),,,5,2546,Carmelo Anthony,1610612747.0,Los Angeles,Lakers,LAL,4,1626174,Christian Wood,1610612745.0,Houston,Rockets,HOU,1,0,,,,,,1
0022100511,136,8,0,1,8:34 PM,1:33,SUB: Sengun FOR Wood,,,,,4,1626174,Christian Wood,1610612745.0,Houston,Rockets,HOU,4,1630578,Alperen Sengun,1610612745.0,Houston,Rockets,HOU,0,0,,,,,,0
0022100511,138,2,1,1,8:35 PM,1:21,MISS Brooks 26' 3PT Jump Shot,,,,,4,1629717,Armoni Brooks,1610612745.0,Houston,Rockets,HOU,0,0,,,,,,0,0,,,,,,1
0022100511,139,4,0,1,8:35 PM,1:19,,,Johnson REBOUND (Off:0 Def:1),,,5,1626169,Stanley Johnson,1610612747.0,Los Angeles,Lakers,LAL,0,0,,,,,,0,0,,,,,,1
0022100511,140,1,41,1,8:35 PM,1:16,,,Westbrook 2' Running Layup (4 PTS),32 - 27,-5,5,201566,Russell Westbrook,1610612747.0,Los Angeles,Lakers,LAL,0,0,,,,,,0,0,,,,,,1
0022100511,141,7,2,1,8:35 PM,1:16,Christopher Violation:Defensive Goaltending (B.Adair),,,,,4,1630528,Josh Christopher,1610612745.0,Houston,Rockets,HOU,0,0,,,,,,1,0,,,,,,1
0022100511,142,1,98,1,8:35 PM,1:05,Brooks 2' Cutting Layup Shot (5 PTS) (Gordon 1 AST),,,32 - 29,-3,4,1629717,Armoni Brooks,1610612745.0,Houston,Rockets,HOU,4,201569,Eric Gordon,1610612745.0,Houston,Rockets,HOU,0,0,,,,,,1
0022100511,144,6,2,1,8:35 PM,1:05,,,Collison S.FOUL (P1.PN) (B.Adair),,,5,201954,Darren Collison,1610612747.0,Los Angeles,Lakers,LAL,4,1629717,Armoni Brooks,1610612745.0,Houston,Rockets,HOU,1,0,,,,,,1
0022100511,146,3,10,1,8:36 PM,1:05,Brooks Free Throw 1 of 1 (6 PTS),,,32 - 30,-2,4,1629717,Armoni Brooks,1610612745.0,Houston,Rockets,HOU,0,0,,,,,,0,0,,,,,,1
0022100511,147,5,2,1,8:36 PM,0:56,Christopher STEAL (3 STL),,Westbrook Lost Ball Turnover (P2.T4),,,5,201566,Russell Westbrook,1610612747.0,Los Angeles,Lakers,LAL,4,1630528,Josh Christopher,1610612745.0,Houston,Rockets,HOU,0,0,,,,,,1
0022100511,149,1,50,1,8:36 PM,0:53,Christopher 1' Running Dunk (4 PTS),,,32 - 32,TIE,4,1630528,Josh Christopher,1610612745.0,Houston,Rockets,HOU,0,0,,,,,,0,0,,,,,,1
0022100511,150,1,79,1,8:36 PM,0:41,,,Westbrook 16' Pullup Jump Shot (6 PTS),34 - 32,-2,5,201566,Russell Westbrook,1610612747.0,Los Angeles,Lakers,LAL,0,0,,,,,,0,0,,,,,,1
0022100511,151,1,79,1,8:36 PM,0:33,Brooks 26' 3PT Pullup Jump Shot (9 PTS),,,34 - 35,1,4,1629717,Armoni Brooks,1610612745.0,Houston,Rockets,HOU,0,0,,,,,,0,0,,,,,,1
0022100511,152,2,1,1,8:37 PM,0:23,,,MISS Horton-Tucker 24' 3PT Jump Shot,,,5,1629659,Talen Horton-Tucker,1610612747.0,Los Angeles,Lakers,LAL,0,0,,,,,,0,0,,,,,,1
0022100511,153,4,0,1,8:37 PM,0:22,Brooks REBOUND (Off:0 Def:1),,,,,4,1629717,Armoni Brooks,1610612745.0,Houston,Rockets,HOU,0,0,,,,,,0,0,,,,,,1
0022100511,154,2,1,1,8:37 PM,0:03,MISS Christopher 26' 3PT Jump Shot,,,,,4,1630528,Josh Christopher,1610612745.0,Houston,Rockets,HOU,0,0,,,,,,0,0,,,,,,1
0022100511,155,4,0,1,8:37 PM,0:02,,,Collison REBOUND (Off:0 Def:1),,,5,201954,Darren Collison,1610612747.0,Los Angeles,Lakers,LAL,0,0,,,,,,0,0,,,,,,1
0022100511,156,6,1,1,8:37 PM,0:01,Christopher P.FOUL (P1.T4) (E.Lewis),,,,,4,1630528,Josh Christopher,1610612745.0,Houston,Rockets,HOU,5,201954,Darren Collison,1610612747.0,Los Angeles,Lakers,LAL,1,0,,,,,,1
0022100511,158,18,3,1,8:38 PM,0:01,,Instant Replay1st Period (8:38 PM EST),,34 - 35,1,0,156,Antoine Carr,,,,,0,0,,,,,,1,0,,,,,,0
0022100511,159,2,1,1,8:38 PM,0:00,,,MISS Horton-Tucker 31' 3PT Jump Shot,,,5,1629659,Talen Horton-Tucker,1610612747.0,Los Angeles,Lakers,LAL,0,0,,,,,,0,0,,,,,,1
0022100511,160,4,0,1,8:38 PM,0:00,,,Lakers Rebound,,,3,1610612747,,,,,,0,0,,,,,,0,0,,,,,,0
0022100511,161,13,0,1,8:38 PM,0:00,,End of 1st Period (8:38 PM EST),,34 - 35,1,0,0,,,,,,0,0,,,,,,0,0,,,,,,1
0022100511,164,12,0,2,8:41 PM,12:00,,Start of 2nd Period (8:41 PM EST),,34 - 35,1,0,0,,,,,,0,0,,,,,,0,0,,,,,,0
0022100511,165,2,1,2,8:42 PM,11:37,MISS Sengun 8' Jump Shot,,Anthony BLOCK (1 BLK),,,4,1630578,Alperen Sengun,1610612745.0,Houston,Rockets,HOU,0,0,,,,,,5,2546,Carmelo Anthony,1610612747.0,Los Angeles,Lakers,LAL,1
0022100511,167,4,0,2,8:42 PM,11:34,Sengun REBOUND (Off:1 Def:0),,,,,4,1630578,Alperen Sengun,1610612745.0,Houston,Rockets,HOU,0,0,,,,,,0,0,,,,,,1
0022100511,168,2,1,2,8:42 PM,11:32,MISS Sengun 16' Jump Shot,,,,,4,1630578,Alperen Sengun,1610612745.0,Houston,Rockets,HOU,0,0,,,,,,0,0,,,,,,1
0022100511,169,4,0,2,8:42 PM,11:30,,,Westbrook REBOUND (Off:1 Def:3),,,5,201566,Russell Westbrook,1610612747.0,Los Angeles,Lakers,LAL,0,0,,,,,,0,0,,,,,,1
0022100511,170,6,2,2,8:42 PM,11:28,Sengun S.FOUL (P1.T1) (E.Lewis),,,,,4,1630578,Alperen Sengun,1610612745.0,Houston,Rockets,HOU,5,201566,Russell Westbrook,1610612747.0,Los Angeles,Lakers,LAL,1,0,,,,,,1
0022100511,172,3,11,2,8:42 PM,11:28,,,MISS Westbrook Free Throw 1 of 2,,,5,201566,Russell Westbrook,1610612747.0,Los Angeles,Lakers,LAL,0,0,,,,,,0,0,,,,,,1
0022100511,173,4,1,2,8:42 PM,11:28,,,Lakers Rebound,,,3,1610612747,,,,,,0,0,,,,,,0,0,,,,,,0
0022100511,174,3,12,2,8:42 PM,11:28,,,MISS Westbrook Free Throw 2 of 2,,,5,201566,Russell Westbrook,1610612747.0,Los Angeles,Lakers,LAL,0,0,,,,,,0,0,,,,,,1
0022100511,175,4,0,2,8:42 PM,11:28,Sengun REBOUND (Off:1 Def:1),,,,,4,1630578,Alperen Sengun,1610612745.0,Houston,Rockets,HOU,0,0,,,,,,0,0,,,,,,1
0022100511,176,2,6,2,8:43 PM,11:17,MISS Gordon 1' Driving Layup,,Anthony BLOCK (2 BLK),,,4,201569,Eric Gordon,1610612745.0,Houston,Rockets,HOU,0,0,,,,,,5,2546,Carmelo Anthony,1610612747.0,Los Angeles,Lakers,LAL,1
0022100511,178,4,0,2,8:43 PM,11:14,,,Westbrook REBOUND (Off:1 Def:4),,,5,201566,Russell Westbrook,1610612747.0,Los Angeles,Lakers,LAL,0,0,,,,,,0,0,,,,,,1
0022100511,179,5,1,2,8:43 PM,11:13,Green STEAL (1 STL),,Westbrook Bad Pass Turnover (P3.T5),,,5,201566,Russell Westbrook,1610612747.0,Los Angeles,Lakers,LAL,4,1630224,Jalen Green,1610612745.0,Houston,Rockets,HOU,0,0,,,,,,1
0022100511,181,5,1,2,8:43 PM,11:07,Christopher Bad Pass Turnover (P1.T5),,Westbrook STEAL (1 STL),,,4,1630528,Josh Christopher,1610612745.0,Houston,Rockets,HOU,5,201566,Russell Westbrook,1610612747.0,Los Angeles,Lakers,LAL,0,0,,,,,,1
0022100511,183,2,41,2,8:43 PM,11:01,,,MISS Horton-Tucker 3' Running Layup,,,5,1629659,Talen Horton-Tucker,1610612747.0,Los Angeles,Lakers,LAL,0,0,,,,,,0,0,,,,,,1
0022100511,184,4,0,2,8:43 PM,10:59,Brooks REBOUND (Off:0 Def:2),,,,,4,1629717,Armoni Brooks,1610612745.0,Houston,Rockets,HOU,0,0,,,,,,0,0,,,,,,1
0022100511,185,1,1,2,8:43 PM,10:55,Gordon 28' 3PT Jump Shot (5 PTS) (Brooks 1 AST),,,34 - 38,4,4,201569,Eric Gordon,1610612745.0,Houston,Rockets,HOU,4,1629717,Armoni Brooks,1610612745.0,Houston,Rockets,HOU,0,0,,,,,,1
0022100511,187,1,79,2,8:43 PM,10:37,,,Westbrook 26' 3PT Pullup Jump Shot (9 PTS),37 - 38,1,5,201566,Russell Westbrook,1610612747.0,Los Angeles,Lakers,LAL,0,0,,,,,,0,0,,,,,,1
0022100511,188,1,5,2,8:44 PM,10:20,Sengun 1' Layup (2 PTS),,,37 - 40,3,4,1630578,Alperen Sengun,1610612745.0,Houston,Rockets,HOU,0,0,,,,,,0,0,,,,,,1
0022100511,189,1,73,2,8:44 PM,10:11,,,Johnson 1' Driving Reverse Layup (2 PTS),39 - 40,1,5,1626169,Stanley Johnson,1610612747.0,Los Angeles,Lakers,LAL,0,0,,,,,,0,0,,,,,,1
0022100511,190,6,2,2,8:44 PM,10:11,Sengun S.FOUL (P2.T2) (B.Adair),,,,,4,1630578,Alperen Sengun,1610612745.0,Houston,Rockets,HOU,5,1626169,Stanley Johnson,1610612747.0,Los Angeles,Lakers,LAL,1,0,,,,,,1
0022100511,192,8,0,2,8:44 PM,10:11,,,SUB: James FOR Collison,,,5,201954,Darren Collison,1610612747.0,Los Angeles,Lakers,LAL,5,2544,LeBron James,1610612747.0,Los Angeles,Lakers,LAL,0,0,,,,,,0
0022100511,194,3,10,2,8:44 PM,10:11,,,Johnson Free Throw 1 of 1 (3 PTS),40 - 40,TIE,5,1626169,Stanley Johnson,1610612747.0,Los Angeles,Lakers,LAL,0,0,,,,,,0,0,,,,,,1
0022100511,195,1,98,2,8:45 PM,10:00,Sengun 1' Cutting Layup Shot (4 PTS) (Gordon 2 AST),,,40 - 42,2,4,1630578,Alperen Sengun,1610612745.0,Houston,Rockets,HOU,4,201569,Eric Gordon,1610612745.0,Houston,Rockets,HOU,0,0,,,,,,1
0022100511,197,1,5,2,8:45 PM,9:45,,,Westbrook 2' Layup (11 PTS),42 - 42,TIE,5,201566,Russell Westbrook,1610612747.0,Los Angeles,Lakers,LAL,0,0,,,,,,0,0,,,,,,1
0022100511,198,1,1,2,8:45 PM,9:33,Sengun 11' Jump Shot (6 PTS) (Green 2 AST),,,42 - 44,2,4,1630578,Alperen Sengun,1610612745.0,Houston,Rockets,HOU,4,1630224,Jalen Green,1610612745.0,Houston,Rockets,HOU,0,0,,,,,,1
0022100511,200,6,2,2,8:45 PM,9:14,Sengun S.FOUL (P3.T3) (E.Lewis),,,,,4,1630578,Alperen Sengun,1610612745.0,Houston,Rockets,HOU,5,2546,Carmelo Anthony,1610612747.0,Los Angeles,Lakers,LAL,1,0,,,,,,1
0022100511,202,3,11,2,8:46 PM,9:14,,,Anthony Free Throw 1 of 2 (9 PTS),43 - 44,1,5,2546,Carmelo Anthony,1610612747.0,Los Angeles,Lakers,LAL,0,0,,,,,,0,0,,,,,,1
0022100511,203,8,0,2,8:46 PM,9:14,SUB: Wood FOR Christopher,,,,,4,1630528,Josh Christopher,1610612745.0,Houston,Rockets,HOU,4,1626174,Christian Wood,1610612745.0,Houston,Rockets,HOU,0,0,,,,,,0
0022100511,204,8,0,2,8:46 PM,9:14,SUB: Porter Jr. FOR Sengun,,,,,4,1630578,Alperen Sengun,1610612745.0,Houston,Rockets,HOU,4,1629645,Kevin Porter Jr.,1610612745.0,Houston,Rockets,HOU,0,0,,,,,,0
0022100511,205,8,0,2,8:46 PM,9:14,,,SUB: Monk FOR Horton-Tucker,,,5,1629659,Talen Horton-Tucker,1610612747.0,Los Angeles,Lakers,LAL,5,1628370,Malik Monk,1610612747.0,Los Angeles,Lakers,LAL,0,0,,,,,,0
0022100511,209,3,12,2,8:46 PM,9:14,,,Anthony Free Throw 2 of 2 (10 PTS),44 - 44,TIE,5,2546,Carmelo Anthony,1610612747.0,Los Angeles,Lakers,LAL,0,0,,,,,,0,0,,,,,,1
0022100511,210,1,102,2,8:47 PM,8:57,Gordon 8' Driving Floating Bank Jump Shot (7 PTS),,,44 - 46,2,4,201569,Eric Gordon,1610612745.0,Houston,Rockets,HOU,0,0,,,,,,0,0,,,,,,1
0022100511,211,6,2,2,8:47 PM,8:57,,,Johnson S.FOUL (P1.T1) (E.Lewis),,,5,1626169,Stanley Johnson,1610612747.0,Los Angeles,Lakers,LAL,4,201569,Eric Gordon,1610612745.0,Houston,Rockets,HOU,1,0,,,,,,1
0022100511,213,8,0,2,8:47 PM,8:57,,,SUB: Bradley FOR Johnson,,,5,1626169,Stanley Johnson,1610612747.0,Los Angeles,Lakers,LAL,5,202340,Avery Bradley,1610612747.0,Los Angeles,Lakers,LAL,0,0,,,,,,0
0022100511,215,3,10,2,8:47 PM,8:57,Gordon Free Throw 1 of 1 (8 PTS),,,44 - 47,3,4,201569,Eric Gordon,1610612745.0,Houston,Rockets,HOU,0,0,,,,,,0,0,,,,,,1
0022100511,216,1,99,2,8:48 PM,8:34,,,Westbrook 2' Cutting Finger Roll Layup Shot (13 PTS) (James 2 AST),46 - 47,1,5,201566,Russell Westbrook,1610612747.0,Los Angeles,Lakers,LAL,5,2544,LeBron James,1610612747.0,Los Angeles,Lakers,LAL,0,0,,,,,,1
0022100511,218,5,1,2,8:48 PM,8:21,Porter Jr. Bad Pass Turnover (P3.T6),,Westbrook STEAL (2 STL),,,4,1629645,Kevin Porter Jr.,1610612745.0,Houston,Rockets,HOU,5,201566,Russell Westbrook,1610612747.0,Los Angeles,Lakers,LAL,0,0,,,,,,1
0022100511,220,6,2,2,8:48 PM,8:18,Brooks S.FOUL (P1.T4) (E.Lewis),,,,,4,1629717,Armoni Brooks,1610612745.0,Houston,Rockets,HOU,5,1628370,Malik Monk,1610612747.0,Los Angeles,Lakers,LAL,1,0,,,,,,1
0022100511,222,3,11,2,8:49 PM,8:18,,,Monk Free Throw 1 of 2 (8 PTS),47 - 47,TIE,5,1628370,Malik Monk,1610612747.0,Los Angeles,Lakers,LAL,0,0,,,,,,0,0,,,,,,1
0022100511,223,3,12,2,8:49 PM,8:18,,,Monk Free Throw 2 of 2 (9 PTS),48 - 47,-1,5,1628370,Malik Monk,1610612747.0,Los Angeles,Lakers,LAL,0,0,,,,,,0,0,,,,,,1
0022100511,224,2,1,2,8:49 PM,8:03,MISS Green 24' 3PT Jump Shot,,,,,4,1630224,Jalen Green,1610612745.0,Houston,Rockets,HOU,0,0,,,,,,0,0,,,,,,1
0022100511,225,4,0,2,8:49 PM,8:00,,,James REBOUND (Off:1 Def:2),,,5,2544,LeBron James,1610612747.0,Los Angeles,Lakers,LAL,0,0,,,,,,0,0,,,,,,1
0022100511,226,2,2,2,8:49 PM,7:56,,,MISS Anthony 25' 3PT Running Jump Shot,,,5,2546,Carmelo Anthony,1610612747.0,Los Angeles,Lakers,LAL,0,0,,,,,,0,0,,,,,,1
0022100511,228,1,97,2,8:49 PM,7:50,,,Bradley Tip Layup Shot (2 PTS),50 - 47,-3,5,202340,Avery Bradley,1610612747.0,Los Angeles,Lakers,LAL,0,0,,,,,,0,0,,,,,,1
0022100511,227,4,0,2,8:49 PM,7:50,,,Bradley REBOUND (Off:2 Def:0),,,5,202340,Avery Bradley,1610612747.0,Los Angeles,Lakers,LAL,0,0,,,,,,0,0,,,,,,1
0022100511,229,2,1,2,8:50 PM,7:39,MISS Brooks 30' 3PT Jump Shot,,,,,4,1629717,Armoni Brooks,1610612745.0,Houston,Rockets,HOU,0,0,,,,,,0,0,,,,,,1
0022100511,230,4,0,2,8:50 PM,7:37,,,Bradley REBOUND (Off:2 Def:1),,,5,202340,Avery Bradley,1610612747.0,Los Angeles,Lakers,LAL,0,0,,,,,,0,0,,,,,,1
0022100511,231,6,4,2,8:50 PM,7:33,,,James OFF.Foul (P1) (B.Haskill),,,5,2544,LeBron James,1610612747.0,Los Angeles,Lakers,LAL,4,1629645,Kevin Porter Jr.,1610612745.0,Houston,Rockets,HOU,1,0,,,,,,1
0022100511,233,5,37,2,8:50 PM,7:33,,,James Offensive Foul Turnover (P2.T6),,,5,2544,LeBron James,1610612747.0,Los Angeles,Lakers,LAL,0,0,,,,,,1,0,,,,,,1
0022100511,234,8,0,2,8:50 PM,7:33,SUB: Nwaba FOR Green,,,,,4,1630224,Jalen Green,1610612745.0,Houston,Rockets,HOU,4,1628021,David Nwaba,1610612745.0,Houston,Rockets,HOU,0,0,,,,,,0
0022100511,235,8,0,2,8:50 PM,7:33,,,SUB: Horton-Tucker FOR Westbrook,,,5,201566,Russell Westbrook,1610612747.0,Los Angeles,Lakers,LAL,5,1629659,Talen Horton-Tucker,1610612747.0,Los Angeles,Lakers,LAL,0,0,,,,,,0
0022100511,236,8,0,2,8:50 PM,7:33,,,SUB: Johnson FOR Anthony,,,5,2546,Carmelo Anthony,1610612747.0,Los Angeles,Lakers,LAL,5,1626169,Stanley Johnson,1610612747.0,Los Angeles,Lakers,LAL,0,0,,,,,,0
0022100511,240,6,1,2,8:50 PM,7:19,,,Horton-Tucker P.FOUL (P2.T2) (B.Adair),,,5,1629659,Talen Horton-Tucker,1610612747.0,Los Angeles,Lakers,LAL,4,1626174,Christian Wood,1610612745.0,Houston,Rockets,HOU,1,0,,,,,,1
0022100511,242,2,52,2,8:51 PM,7:12,MISS Wood 2' Alley Oop Dunk,,,,,4,1626174,Christian Wood,1610612745.0,Houston,Rockets,HOU,0,0,,,,,,0,0,,,,,,1
0022100511,246,4,0,2,8:51 PM,7:10,ROCKETS Rebound,,,,,2,1610612745,,,,,,0,0,,,,,,0,0,,,,,,0
0022100511,243,10,0,2,8:51 PM,7:10,Jump Ball Wood vs. James: Tip to Nwaba,,,,,4,1626174,Christian Wood,1610612745.0,Houston,Rockets,HOU,5,2544,LeBron James,1610612747.0,Los Angeles,Lakers,LAL,4,1628021,David Nwaba,1610612745.0,Houston,Rockets,HOU,1
0022100511,247,2,1,2,8:52 PM,7:00,MISS Nwaba 3PT Jump Shot,,,,,4,1628021,David Nwaba,1610612745.0,Houston,Rockets,HOU,0,0,,,,,,0,0,,,,,,1
0022100511,248,4,0,2,8:52 PM,6:55,Porter Jr. REBOUND (Off:1 Def:1),,,,,4,1629645,Kevin Porter Jr.,1610612745.0,Houston,Rockets,HOU,0,0,,,,,,0,0,,,,,,1
0022100511,249,1,1,2,8:52 PM,6:53,Porter Jr. 3PT Jump Shot (11 PTS) (Nwaba 1 AST),,,50 - 50,TIE,4,1629645,Kevin Porter Jr.,1610612745.0,Houston,Rockets,HOU,4,1628021,David Nwaba,1610612745.0,Houston,Rockets,HOU,0,0,,,,,,1
0022100511,251,1,1,2,8:52 PM,6:35,,,James 27' 3PT Jump Shot (16 PTS),53 - 50,-3,5,2544,LeBron James,1610612747.0,Los Angeles,Lakers,LAL,0,0,,,,,,0,0,,,,,,1
0022100511,252,6,1,2,8:52 PM,6:24,,,Johnson P.FOUL (P2.T3) (E.Lewis),,,5,1626169,Stanley Johnson,1610612747.0,Los Angeles,Lakers,LAL,4,1629645,Kevin Porter Jr.,1610612745.0,Houston,Rockets,HOU,1,0,,,,,,1
0022100511,254,9,1,2,8:52 PM,6:24,ROCKETS Timeout: Regular (Full 2 Short 0),,,,,2,1610612745,,,,,,0,0,,,,,,0,0,,,,,,0
0022100511,255,8,0,2,8:54 PM,6:24,SUB: Christopher FOR Gordon,,,,,4,201569,Eric Gordon,1610612745.0,Houston,Rockets,HOU,4,1630528,Josh Christopher,1610612745.0,Houston,Rockets,HOU,0,0,,,,,,0
0022100511,257,2,1,2,8:56 PM,6:08,MISS Brooks 28' 3PT Jump Shot,,,,,4,1629717,Armoni Brooks,1610612745.0,Houston,Rockets,HOU,0,0,,,,,,0,0,,,,,,1
0022100511,258,4,0,2,8:56 PM,6:04,,,Horton-Tucker REBOUND (Off:0 Def:2),,,5,1629659,Talen Horton-Tucker,1610612747.0,Los Angeles,Lakers,LAL,0,0,,,,,,0,0,,,,,,1
0022100511,260,5,1,2,8:56 PM,5:49,Wood STEAL (2 STL),,Horton-Tucker Bad Pass Turnover (P2.T7),,,5,1629659,Talen Horton-Tucker,1610612747.0,Los Angeles,Lakers,LAL,4,1626174,Christian Wood,1610612745.0,Houston,Rockets,HOU,0,0,,,,,,1
0022100511,262,5,1,2,8:56 PM,5:40,Christopher Bad Pass Turnover (P2.T7),,Bradley STEAL (2 STL),,,4,1630528,Josh Christopher,1610612745.0,Houston,Rockets,HOU,5,202340,Avery Bradley,1610612747.0,Los Angeles,Lakers,LAL,0,0,,,,,,1
0022100511,264,2,102,2,8:57 PM,5:25,,,MISS Johnson 10' Driving Floating Bank Jump Shot,,,5,1626169,Stanley Johnson,1610612747.0,Los Angeles,Lakers,LAL,0,0,,,,,,0,0,,,,,,1
0022100511,265,4,0,2,8:57 PM,5:23,Wood REBOUND (Off:0 Def:4),,,,,4,1626174,Christian Wood,1610612745.0,Houston,Rockets,HOU,0,0,,,,,,0,0,,,,,,1
0022100511,266,1,101,2,8:57 PM,5:16,Wood 4' Driving Floating Jump Shot (10 PTS),,,53 - 52,-1,4,1626174,Christian Wood,1610612745.0,Houston,Rockets,HOU,0,0,,,,,,0,0,,,,,,1
0022100511,267,1,9,2,8:57 PM,5:01,,,Monk 1' Driving Dunk (11 PTS),55 - 52,-3,5,1628370,Malik Monk,1610612747.0,Los Angeles,Lakers,LAL,0,0,,,,,,0,0,,,,,,1
0022100511,268,2,80,2,8:57 PM,4:40,MISS Porter Jr. 15' Step Back Jump Shot,,,,,4,1629645,Kevin Porter Jr.,1610612745.0,Houston,Rockets,HOU,0,0,,,,,,0,0,,,,,,1
0022100511,269,4,0,2,8:57 PM,4:38,,,Johnson REBOUND (Off:0 Def:2),,,5,1626169,Stanley Johnson,1610612747.0,Los Angeles,Lakers,LAL,0,0,,,,,,0,0,,,,,,1
0022100511,270,2,47,2,8:58 PM,4:19,,,MISS James 12' Turnaround Jump Shot,,,5,2544,LeBron James,1610612747.0,Los Angeles,Lakers,LAL,0,0,,,,,,0,0,,,,,,1
0022100511,271,4,0,2,8:58 PM,4:18,Nwaba REBOUND (Off:0 Def:2),,,,,4,1628021,David Nwaba,1610612745.0,Houston,Rockets,HOU,0,0,,,,,,0,0,,,,,,1
0022100511,272,2,6,2,8:58 PM,4:13,MISS Porter Jr. 4' Driving Layup,,Monk BLOCK (1 BLK),,,4,1629645,Kevin Porter Jr.,1610612745.0,Houston,Rockets,HOU,0,0,,,,,,5,1628370,Malik Monk,1610612747.0,Los Angeles,Lakers,LAL,1
0022100511,274,4,0,2,8:58 PM,4:13,ROCKETS Rebound,,,,,2,1610612745,,,,,,0,0,,,,,,0,0,,,,,,0
0022100511,275,8,0,2,8:58 PM,4:13,SUB: Green FOR Brooks,,,,,4,1629717,Armoni Brooks,1610612745.0,Houston,Rockets,HOU,4,1630224,Jalen Green,1610612745.0,Houston,Rockets,HOU,0,0,,,,,,0
0022100511,276,8,0,2,8:58 PM,4:13,,,SUB: Anthony FOR Horton-Tucker,,,5,1629659,Talen Horton-Tucker,1610612747.0,Los Angeles,Lakers,LAL,5,2546,Carmelo Anthony,1610612747.0,Los Angeles,Lakers,LAL,0,0,,,,,,0
0022100511,277,8,0,2,8:58 PM,4:13,,,SUB: Westbrook FOR Johnson,,,5,1626169,Stanley Johnson,1610612747.0,Los Angeles,Lakers,LAL,5,201566,Russell Westbrook,1610612747.0,Los Angeles,Lakers,LAL,0,0,,,,,,0
0022100511,281,2,101,2,8:59 PM,3:57,MISS Wood 3' Driving Floating Jump Shot,,,,,4,1626174,Christian Wood,1610612745.0,Houston,Rockets,HOU,0,0,,,,,,0,0,,,,,,1
0022100511,283,4,0,2,8:59 PM,3:55,,,Anthony REBOUND (Off:0 Def:3),,,5,2546,Carmelo Anthony,1610612747.0,Los Angeles,Lakers,LAL,0,0,,,,,,0,0,,,,,,1
0022100511,284,2,1,2,8:59 PM,3:50,,,MISS Bradley 3PT Jump Shot,,,5,202340,Avery Bradley,1610612747.0,Los Angeles,Lakers,LAL,0,0,,,,,,0,0,,,,,,1
0022100511,285,4,0,2,8:59 PM,3:47,Porter Jr. REBOUND (Off:1 Def:2),,,,,4,1629645,Kevin Porter Jr.,1610612745.0,Houston,Rockets,HOU,0,0,,,,,,0,0,,,,,,1
0022100511,286,1,106,2,8:59 PM,3:44,Green 1' Running Alley Oop Dunk Shot (4 PTS) (Christopher 1 AST),,,55 - 54,-1,4,1630224,Jalen Green,1610612745.0,Houston,Rockets,HOU,4,1630528,Josh Christopher,1610612745.0,Houston,Rockets,HOU,0,0,,,,,,1
0022100511,288,1,1,2,8:59 PM,3:16,,,Monk 28' 3PT Jump Shot (14 PTS) (James 3 AST),58 - 54,-4,5,1628370,Malik Monk,1610612747.0,Los Angeles,Lakers,LAL,5,2544,LeBron James,1610612747.0,Los Angeles,Lakers,LAL,0,0,,,,,,1
0022100511,290,6,2,2,8:59 PM,3:05,,,Bradley S.FOUL (P2.T4) (E.Lewis),,,5,202340,Avery Bradley,1610612747.0,Los Angeles,Lakers,LAL,4,1630224,Jalen Green,1610612745.0,Houston,Rockets,HOU,1,0,,,,,,1
0022100511,292,3,11,2,9:00 PM,3:05,Green Free Throw 1 of 2 (5 PTS),,,58 - 55,-3,4,1630224,Jalen Green,1610612745.0,Houston,Rockets,HOU,0,0,,,,,,0,0,,,,,,1
0022100511,293,3,12,2,9:00 PM,3:05,Green Free Throw 2 of 2 (6 PTS),,,58 - 56,-2,4,1630224,Jalen Green,1610612745.0,Houston,Rockets,HOU,0,0,,,,,,0,0,,,,,,1
0022100511,294,6,1,2,9:00 PM,2:50,Green P.FOUL (P1.PN) (B.Adair),,,,,4,1630224,Jalen Green,1610612745.0,Houston,Rockets,HOU,5,1628370,Malik Monk,1610612747.0,Los Angeles,Lakers,LAL,1,0,,,,,,1
0022100511,296,9,1,2,9:01 PM,2:50,,,Lakers Timeout: Regular (Reg.3 Short 0),,,3,1610612747,,,,,,0,0,,,,,,0,0,,,,,,0
0022100511,298,3,11,2,9:04 PM,2:50,,,Monk Free Throw 1 of 2 (15 PTS),59 - 56,-3,5,1628370,Malik Monk,1610612747.0,Los Angeles,Lakers,LAL,0,0,,,,,,0,0,,,,,,1
0022100511,299,3,12,2,9:04 PM,2:50,,,Monk Free Throw 2 of 2 (16 PTS),60 - 56,-4,5,1628370,Malik Monk,1610612747.0,Los Angeles,Lakers,LAL,0,0,,,,,,0,0,,,,,,1
0022100511,300,2,80,2,9:04 PM,2:25,MISS Green 27' 3PT Step Back Jump Shot,,,,,4,1630224,Jalen Green,1610612745.0,Houston,Rockets,HOU,0,0,,,,,,0,0,,,,,,1
0022100511,301,4,0,2,9:04 PM,2:22,,,Monk REBOUND (Off:0 Def:1),,,5,1628370,Malik Monk,1610612747.0,Los Angeles,Lakers,LAL,0,0,,,,,,0,0,,,,,,1
0022100511,302,6,2,2,9:05 PM,2:16,Porter Jr. S.FOUL (P2.PN) (B.Haskill),,,,,4,1629645,Kevin Porter Jr.,1610612745.0,Houston,Rockets,HOU,5,2544,LeBron James,1610612747.0,Los Angeles,Lakers,LAL,1,0,,,,,,1
0022100511,304,3,11,2,9:05 PM,2:16,,,MISS James Free Throw 1 of 2,,,5,2544,LeBron James,1610612747.0,Los Angeles,Lakers,LAL,0,0,,,,,,0,0,,,,,,1
0022100511,305,4,1,2,9:05 PM,2:16,,,Lakers Rebound,,,3,1610612747,,,,,,0,0,,,,,,0,0,,,,,,0
0022100511,308,3,12,2,9:05 PM,2:16,,,MISS James Free Throw 2 of 2,,,5,2544,LeBron James,1610612747.0,Los Angeles,Lakers,LAL,0,0,,,,,,0,0,,,,,,1
0022100511,309,4,0,2,9:05 PM,2:16,Gordon REBOUND (Off:0 Def:2),,,,,4,201569,Eric Gordon,1610612745.0,Houston,Rockets,HOU,0,0,,,,,,0,0,,,,,,1
0022100511,306,8,0,2,9:05 PM,2:16,SUB: Gordon FOR Christopher,,,,,4,1630528,Josh Christopher,1610612745.0,Houston,Rockets,HOU,4,201569,Eric Gordon,1610612745.0,Houston,Rockets,HOU,0,0,,,,,,0
0022100511,310,6,2,2,9:06 PM,2:08,,,James S.FOUL (P2.PN) (B.Adair),,,5,2544,LeBron James,1610612747.0,Los Angeles,Lakers,LAL,4,1626174,Christian Wood,1610612745.0,Houston,Rockets,HOU,1,0,,,,,,1
0022100511,312,3,11,2,9:06 PM,2:08,Wood Free Throw 1 of 2 (11 PTS),,,60 - 57,-3,4,1626174,Christian Wood,1610612745.0,Houston,Rockets,HOU,0,0,,,,,,0,0,,,,,,1
0022100511,313,3,12,2,9:06 PM,2:08,Wood Free Throw 2 of 2 (12 PTS),,,60 - 58,-2,4,1626174,Christian Wood,1610612745.0,Houston,Rockets,HOU,0,0,,,,,,0,0,,,,,,1
0022100511,314,1,86,2,9:07 PM,1:49,,,James 9' Turnaround Fadeaway (18 PTS),62 - 58,-4,5,2544,LeBron James,1610612747.0,Los Angeles,Lakers,LAL,0,0,,,,,,0,0,,,,,,1
0022100511,315,2,75,2,9:07 PM,1:38,MISS Porter Jr. 1' Driving Finger Roll Layup,,,,,4,1629645,Kevin Porter Jr.,1610612745.0,Houston,Rockets,HOU,0,0,,,,,,0,0,,,,,,1
0022100511,316,4,0,2,9:07 PM,1:36,,,James REBOUND (Off:1 Def:3),,,5,2544,LeBron James,1610612747.0,Los Angeles,Lakers,LAL,0,0,,,,,,0,0,,,,,,1
0022100511,317,1,108,2,9:07 PM,1:32,,,Westbrook 1' Cutting Dunk Shot (15 PTS) (James 4 AST),64 - 58,-6,5,201566,Russell Westbrook,1610612747.0,Los Angeles,Lakers,LAL,5,2544,LeBron James,1610612747.0,Los Angeles,Lakers,LAL,0,0,,,,,,1
0022100511,319,2,1,2,9:07 PM,1:19,MISS Wood 15' Jump Shot,,,,,4,1626174,Christian Wood,1610612745.0,Houston,Rockets,HOU,0,0,,,,,,0,0,,,,,,1
0022100511,320,4,0,2,9:07 PM,1:17,,,Westbrook REBOUND (Off:1 Def:5),,,5,201566,Russell Westbrook,1610612747.0,Los Angeles,Lakers,LAL,0,0,,,,,,0,0,,,,,,1
0022100511,321,1,1,2,9:07 PM,1:12,,,Anthony 25' 3PT Jump Shot (13 PTS) (Westbrook 4 AST),67 - 58,-9,5,2546,Carmelo Anthony,1610612747.0,Los Angeles,Lakers,LAL,5,201566,Russell Westbrook,1610612747.0,Los Angeles,Lakers,LAL,0,0,,,,,,1
0022100511,323,6,1,2,9:08 PM,0:56,,,Bradley P.FOUL (P3.PN) (E.Lewis),,,5,202340,Avery Bradley,1610612747.0,Los Angeles,Lakers,LAL,4,1629645,Kevin Porter Jr.,1610612745.0,Houston,Rockets,HOU,1,0,,,,,,1
0022100511,325,3,11,2,9:08 PM,0:56,Porter Jr. Free Throw 1 of 2 (12 PTS),,,67 - 59,-8,4,1629645,Kevin Porter Jr.,1610612745.0,Houston,Rockets,HOU,0,0,,,,,,0,0,,,,,,1
0022100511,328,3,12,2,9:08 PM,0:56,MISS Porter Jr. Free Throw 2 of 2,,,,,4,1629645,Kevin Porter Jr.,1610612745.0,Houston,Rockets,HOU,0,0,,,,,,0,0,,,,,,1
0022100511,329,4,0,2,9:08 PM,0:56,,,Westbrook REBOUND (Off:1 Def:6),,,5,201566,Russell Westbrook,1610612747.0,Los Angeles,Lakers,LAL,0,0,,,,,,0,0,,,,,,1
0022100511,326,8,0,2,9:08 PM,0:56,,,SUB: Horton-Tucker FOR Bradley,,,5,202340,Avery Bradley,1610612747.0,Los Angeles,Lakers,LAL,5,1629659,Talen Horton-Tucker,1610612747.0,Los Angeles,Lakers,LAL,0,0,,,,,,0
0022100511,330,5,40,2,9:09 PM,0:50,,,Westbrook Out of Bounds Lost Ball Turnover (P4.T8),,,5,201566,Russell Westbrook,1610612747.0,Los Angeles,Lakers,LAL,0,0,,,,,,1,0,,,,,,1
0022100511,331,2,79,2,9:09 PM,0:31,MISS Porter Jr. 26' 3PT Pullup Jump Shot,,,,,4,1629645,Kevin Porter Jr.,1610612745.0,Houston,Rockets,HOU,0,0,,,,,,0,0,,,,,,1
0022100511,332,4,0,2,9:09 PM,0:30,,,Monk REBOUND (Off:0 Def:2),,,5,1628370,Malik Monk,1610612747.0,Los Angeles,Lakers,LAL,0,0,,,,,,0,0,,,,,,1
0022100511,333,2,1,2,9:10 PM,0:06,,,MISS Anthony 24' 3PT Jump Shot,,,5,2546,Carmelo Anthony,1610612747.0,Los Angeles,Lakers,LAL,0,0,,,,,,0,0,,,,,,1
0022100511,334,4,0,2,9:10 PM,0:05,,,Horton-Tucker REBOUND (Off:1 Def:2),,,5,1629659,Talen Horton-Tucker,1610612747.0,Los Angeles,Lakers,LAL,0,0,,,,,,0,0,,,,,,1
0022100511,335,2,1,2,9:10 PM,0:02,,,MISS Monk 28' 3PT Jump Shot,,,5,1628370,Malik Monk,1610612747.0,Los Angeles,Lakers,LAL,0,0,,,,,,0,0,,,,,,1
0022100511,336,4,0,2,9:10 PM,0:01,,,James REBOUND (Off:2 Def:3),,,5,2544,LeBron James,1610612747.0,Los Angeles,Lakers,LAL,0,0,,,,,,0,0,,,,,,1
0022100511,337,2,97,2,9:10 PM,0:01,,,MISS James Tip Layup Shot,,,5,2544,LeBron James,1610612747.0,Los Angeles,Lakers,LAL,0,0,,,,,,0,0,,,,,,1
0022100511,338,4,0,2,9:10 PM,0:00,,,Westbrook REBOUND (Off:2 Def:6),,,5,201566,Russell Westbrook,1610612747.0,Los Angeles,Lakers,LAL,0,0,,,,,,0,0,,,,,,1
0022100511,341,13,0,2,9:11 PM,0:00,,End of 2nd Period (9:11 PM EST),,67 - 59,-8,0,0,,,,,,0,0,,,,,,0,0,,,,,,1
0022100511,346,12,0,3,9:25 PM,12:00,,Start of 3rd Period (9:25 PM EST),,67 - 59,-8,0,0,,,,,,0,0,,,,,,0,0,,,,,,0
0022100511,347,1,1,3,9:25 PM,11:48,Green 26' 3PT Jump Shot (9 PTS) (Gordon 3 AST),,,67 - 62,-5,4,1630224,Jalen Green,1610612745.0,Houston,Rockets,HOU,4,201569,Eric Gordon,1610612745.0,Houston,Rockets,HOU,0,0,,,,,,1
0022100511,349,1,1,3,9:26 PM,11:26,,,Bradley 26' 3PT Jump Shot (5 PTS) (James 5 AST),70 - 62,-8,5,202340,Avery Bradley,1610612747.0,Los Angeles,Lakers,LAL,5,2544,LeBron James,1610612747.0,Los Angeles,Lakers,LAL,0,0,,,,,,1
0022100511,351,2,1,3,9:26 PM,11:07,MISS Green 25' 3PT Jump Shot,,,,,4,1630224,Jalen Green,1610612745.0,Houston,Rockets,HOU,0,0,,,,,,0,0,,,,,,1
0022100511,352,4,0,3,9:26 PM,11:05,,,Westbrook REBOUND (Off:2 Def:7),,,5,201566,Russell Westbrook,1610612747.0,Los Angeles,Lakers,LAL,0,0,,,,,,0,0,,,,,,1
0022100511,353,5,1,3,9:26 PM,10:54,Wood STEAL (3 STL),,Westbrook Bad Pass Turnover (P5.T9),,,5,201566,Russell Westbrook,1610612747.0,Los Angeles,Lakers,LAL,4,1626174,Christian Wood,1610612745.0,Houston,Rockets,HOU,0,0,,,,,,1
0022100511,355,1,101,3,9:26 PM,10:47,Wood 9' Driving Floating Jump Shot (14 PTS),,,70 - 64,-6,4,1626174,Christian Wood,1610612745.0,Houston,Rockets,HOU,0,0,,,,,,0,0,,,,,,1
0022100511,356,1,1,3,9:27 PM,10:27,,,Monk 3PT Jump Shot (19 PTS) (James 6 AST),73 - 64,-9,5,1628370,Malik Monk,1610612747.0,Los Angeles,Lakers,LAL,5,2544,LeBron James,1610612747.0,Los Angeles,Lakers,LAL,0,0,,,,,,1
0022100511,358,1,6,3,9:27 PM,10:08,Porter Jr. 1' Driving Layup (14 PTS),,,73 - 66,-7,4,1629645,Kevin Porter Jr.,1610612745.0,Houston,Rockets,HOU,0,0,,,,,,0,0,,,,,,1
0022100511,359,1,44,3,9:27 PM,9:49,,,Bradley 2' Reverse Layup (7 PTS) (Johnson 1 AST),75 - 66,-9,5,202340,Avery Bradley,1610612747.0,Los Angeles,Lakers,LAL,5,1626169,Stanley Johnson,1610612747.0,Los Angeles,Lakers,LAL,0,0,,,,,,1
0022100511,361,1,1,3,9:27 PM,9:37,Wood 26' 3PT Jump Shot (17 PTS) (Porter Jr. 5 AST),,,75 - 69,-6,4,1626174,Christian Wood,1610612745.0,Houston,Rockets,HOU,4,1629645,Kevin Porter Jr.,1610612745.0,Houston,Rockets,HOU,0,0,,,,,,1
0022100511,363,2,1,3,9:28 PM,9:28,,,MISS Johnson 3PT Jump Shot,,,5,1626169,Stanley Johnson,1610612747.0,Los Angeles,Lakers,LAL,0,0,,,,,,0,0,,,,,,1
0022100511,364,4,0,3,9:28 PM,9:27,ROCKETS Rebound,,,,,2,1610612745,,,,,,0,0,,,,,,0,0,,,,,,0
0022100511,366,6,1,3,9:28 PM,9:21,,,Johnson P.FOUL (P3.T1) (E.Lewis),,,5,1626169,Stanley Johnson,1610612747.0,Los Angeles,Lakers,LAL,4,201569,Eric Gordon,1610612745.0,Houston,Rockets,HOU,1,0,,,,,,1
0022100511,368,2,80,3,9:29 PM,9:09,MISS Porter Jr. 25' 3PT Step Back Jump Shot,,,,,4,1629645,Kevin Porter Jr.,1610612745.0,Houston,Rockets,HOU,0,0,,,,,,0,0,,,,,,1
0022100511,369,4,0,3,9:29 PM,9:07,,,Bradley REBOUND (Off:2 Def:2),,,5,202340,Avery Bradley,1610612747.0,Los Angeles,Lakers,LAL,0,0,,,,,,0,0,,,,,,1
0022100511,370,1,1,3,9:29 PM,8:59,,,Bradley 3PT Jump Shot (10 PTS) (Monk 2 AST),78 - 69,-9,5,202340,Avery Bradley,1610612747.0,Los Angeles,Lakers,LAL,5,1628370,Malik Monk,1610612747.0,Los Angeles,Lakers,LAL,0,0,,,,,,1
0022100511,372,9,1,3,9:29 PM,8:58,ROCKETS Timeout: Regular (Full 3 Short 0),,,,,2,1610612745,,,,,,0,0,,,,,,0,0,,,,,,0
0022100511,373,1,1,3,9:32 PM,8:44,Gordon 27' 3PT Jump Shot (11 PTS) (Porter Jr. 6 AST),,,78 - 72,-6,4,201569,Eric Gordon,1610612745.0,Houston,Rockets,HOU,4,1629645,Kevin Porter Jr.,1610612745.0,Houston,Rockets,HOU,0,0,,,,,,1
0022100511,375,1,79,3,9:32 PM,8:22,,,Westbrook 15' Pullup Jump Shot (17 PTS) (James 7 AST),80 - 72,-8,5,201566,Russell Westbrook,1610612747.0,Los Angeles,Lakers,LAL,5,2544,LeBron James,1610612747.0,Los Angeles,Lakers,LAL,0,0,,,,,,1
0022100511,377,1,1,3,9:33 PM,8:03,Porter Jr. 24' 3PT Jump Shot (17 PTS) (Green 3 AST),,,80 - 75,-5,4,1629645,Kevin Porter Jr.,1610612745.0,Houston,Rockets,HOU,4,1630224,Jalen Green,1610612745.0,Houston,Rockets,HOU,0,0,,,,,,1
0022100511,379,5,2,3,9:33 PM,7:53,Porter Jr. STEAL (1 STL),,Westbrook Lost Ball Turnover (P6.T10),,,5,201566,Russell Westbrook,1610612747.0,Los Angeles,Lakers,LAL,4,1629645,Kevin Porter Jr.,1610612745.0,Houston,Rockets,HOU,0,0,,,,,,1
0022100511,381,5,1,3,9:33 PM,7:47,Wood Bad Pass Turnover (P3.T8),,Johnson STEAL (1 STL),,,4,1626174,Christian Wood,1610612745.0,Houston,Rockets,HOU,5,1626169,Stanley Johnson,1610612747.0,Los Angeles,Lakers,LAL,0,0,,,,,,1
0022100511,383,2,1,3,9:33 PM,7:40,,,MISS Bradley 3PT Jump Shot,,,5,202340,Avery Bradley,1610612747.0,Los Angeles,Lakers,LAL,0,0,,,,,,0,0,,,,,,1
0022100511,384,4,0,3,9:33 PM,7:36,Green REBOUND (Off:0 Def:1),,,,,4,1630224,Jalen Green,1610612745.0,Houston,Rockets,HOU,0,0,,,,,,0,0,,,,,,1
0022100511,385,6,1,3,9:33 PM,7:31,,,Monk P.FOUL (P1.T2) (B.Adair),,,5,1628370,Malik Monk,1610612747.0,Los Angeles,Lakers,LAL,4,1630224,Jalen Green,1610612745.0,Houston,Rockets,HOU,1,0,,,,,,1
0022100511,387,5,45,3,9:34 PM,7:31,Gordon Out of Bounds - Bad Pass Turnover Turnover (P1.T9),,,,,4,201569,Eric Gordon,1610612745.0,Houston,Rockets,HOU,0,0,,,,,,1,0,,,,,,1
0022100511,389,2,47,3,9:35 PM,7:19,Porter Jr. BLOCK (1 BLK),,MISS Westbrook 9' Turnaround Jump Shot,,,5,201566,Russell Westbrook,1610612747.0,Los Angeles,Lakers,LAL,0,0,,,,,,4,1629645,Kevin Porter Jr.,1610612745.0,Houston,Rockets,HOU,1
0022100511,391,4,0,3,9:35 PM,7:18,,,Lakers Rebound,,,3,1610612747,,,,,,0,0,,,,,,0,0,,,,,,0
0022100511,393,2,86,3,9:35 PM,7:12,,,MISS James 12' Turnaround Fadeaway Shot,,,5,2544,LeBron James,1610612747.0,Los Angeles,Lakers,LAL,0,0,,,,,,0,0,,,,,,1
0022100511,394,4,0,3,9:35 PM,7:10,Nwaba REBOUND (Off:0 Def:3),,,,,4,1628021,David Nwaba,1610612745.0,Houston,Rockets,HOU,0,0,,,,,,0,0,,,,,,1
0022100511,395,2,41,3,9:35 PM,7:05,MISS Nwaba 2' Running Layup,,James BLOCK (1 BLK),,,4,1628021,David Nwaba,1610612745.0,Houston,Rockets,HOU,0,0,,,,,,5,2544,LeBron James,1610612747.0,Los Angeles,Lakers,LAL,1
0022100511,397,4,0,3,9:35 PM,7:05,ROCKETS Rebound,,,,,2,1610612745,,,,,,0,0,,,,,,0,0,,,,,,0
0022100511,400,6,1,3,9:36 PM,6:50,,,James P.FOUL (P3.T3) (B.Haskill),,,5,2544,LeBron James,1610612747.0,Los Angeles,Lakers,LAL,4,1626174,Christian Wood,1610612745.0,Houston,Rockets,HOU,1,0,,,,,,1
0022100511,402,2,6,3,9:36 PM,6:43,MISS Nwaba 4' Driving Layup,,,,,4,1628021,David Nwaba,1610612745.0,Houston,Rockets,HOU,0,0,,,,,,0,0,,,,,,1
0022100511,403,4,0,3,9:36 PM,6:42,,,Westbrook REBOUND (Off:2 Def:8),,,5,201566,Russell Westbrook,1610612747.0,Los Angeles,Lakers,LAL,0,0,,,,,,0,0,,,,,,1
0022100511,404,2,41,3,9:37 PM,6:37,Nwaba BLOCK (2 BLK),,MISS Westbrook 2' Running Layup,,,5,201566,Russell Westbrook,1610612747.0,Los Angeles,Lakers,LAL,0,0,,,,,,4,1628021,David Nwaba,1610612745.0,Houston,Rockets,HOU,1
0022100511,406,4,0,3,9:37 PM,6:37,Nwaba REBOUND (Off:0 Def:4),,,,,4,1628021,David Nwaba,1610612745.0,Houston,Rockets,HOU,0,0,,,,,,0,0,,,,,,1
0022100511,407,1,1,3,9:37 PM,6:19,Wood 8' Jump Shot (19 PTS) (Green 4 AST),,,80 - 77,-3,4,1626174,Christian Wood,1610612745.0,Houston,Rockets,HOU,4,1630224,Jalen Green,1610612745.0,Houston,Rockets,HOU,0,0,,,,,,1
0022100511,409,9,1,3,9:37 PM,6:19,,,Lakers Timeout: Regular (Reg.4 Short 0),,,3,1610612747,,,,,,0,0,,,,,,0,0,,,,,,0
0022100511,410,8,0,3,9:39 PM,6:19,SUB: Brooks FOR Green,,,,,4,1630224,Jalen Green,1610612745.0,Houston,Rockets,HOU,4,1629717,Armoni Brooks,1610612745.0,Houston,Rockets,HOU,0,0,,,,,,0
0022100511,411,8,0,3,9:39 PM,6:19,SUB: Christopher FOR Gordon,,,,,4,201569,Eric Gordon,1610612745.0,Houston,Rockets,HOU,4,1630528,Josh Christopher,1610612745.0,Houston,Rockets,HOU,0,0,,,,,,0
0022100511,412,8,0,3,9:39 PM,6:19,,,SUB: Horton-Tucker FOR Westbrook,,,5,201566,Russell Westbrook,1610612747.0,Los Angeles,Lakers,LAL,5,1629659,Talen Horton-Tucker,1610612747.0,Los Angeles,Lakers,LAL,0,0,,,,,,0
0022100511,416,2,75,3,9:40 PM,6:01,,,MISS Monk 2' Driving Finger Roll Layup,,,5,1628370,Malik Monk,1610612747.0,Los Angeles,Lakers,LAL,0,0,,,,,,0,0,,,,,,1
0022100511,417,4,0,3,9:40 PM,5:59,Nwaba REBOUND (Off:0 Def:5),,,,,4,1628021,David Nwaba,1610612745.0,Houston,Rockets,HOU,0,0,,,,,,0,0,,,,,,1
0022100511,418,2,98,3,9:40 PM,5:41,MISS Nwaba 6' Cutting Layup Shot,,,,,4,1628021,David Nwaba,1610612745.0,Houston,Rockets,HOU,0,0,,,,,,0,0,,,,,,1
0022100511,419,4,0,3,9:41 PM,5:38,Nwaba REBOUND (Off:1 Def:5),,,,,4,1628021,David Nwaba,1610612745.0,Houston,Rockets,HOU,0,0,,,,,,0,0,,,,,,1
0022100511,420,1,97,3,9:41 PM,5:38,Nwaba Tip Layup Shot (4 PTS),,,80 - 79,-1,4,1628021,David Nwaba,1610612745.0,Houston,Rockets,HOU,0,0,,,,,,0,0,,,,,,1
0022100511,421,1,98,3,9:41 PM,5:27,,,Bradley 2' Cutting Layup Shot (12 PTS) (James 8 AST),82 - 79,-3,5,202340,Avery Bradley,1610612747.0,Los Angeles,Lakers,LAL,5,2544,LeBron James,1610612747.0,Los Angeles,Lakers,LAL,0,0,,,,,,1
0022100511,423,1,6,3,9:41 PM,5:09,Wood 5' Driving Layup (21 PTS) (Porter Jr. 7 AST),,,82 - 81,-1,4,1626174,Christian Wood,1610612745.0,Houston,Rockets,HOU,4,1629645,Kevin Porter Jr.,1610612745.0,Houston,Rockets,HOU,0,0,,,,,,1
0022100511,425,1,43,3,9:41 PM,4:56,,,Monk 2' Alley Oop Layup (21 PTS) (Horton-Tucker 1 AST),84 - 81,-3,5,1628370,Malik Monk,1610612747.0,Los Angeles,Lakers,LAL,5,1629659,Talen Horton-Tucker,1610612747.0,Los Angeles,Lakers,LAL,0,0,,,,,,1
0022100511,427,6,2,3,9:42 PM,4:38,,,Horton-Tucker S.FOUL (P3.T4) (B.Haskill),,,5,1629659,Talen Horton-Tucker,1610612747.0,Los Angeles,Lakers,LAL,4,1629717,Armoni Brooks,1610612745.0,Houston,Rockets,HOU,1,0,,,,,,1
0022100511,429,3,11,3,9:42 PM,4:38,Brooks Free Throw 1 of 2 (10 PTS),,,84 - 82,-2,4,1629717,Armoni Brooks,1610612745.0,Houston,Rockets,HOU,0,0,,,,,,0,0,,,,,,1
0022100511,430,8,0,3,9:42 PM,4:38,,,SUB: Anthony FOR James,,,5,2544,LeBron James,1610612747.0,Los Angeles,Lakers,LAL,5,2546,Carmelo Anthony,1610612747.0,Los Angeles,Lakers,LAL,0,0,,,,,,0
0022100511,431,8,0,3,9:42 PM,4:38,,,SUB: Collison FOR Monk,,,5,1628370,Malik Monk,1610612747.0,Los Angeles,Lakers,LAL,5,201954,Darren Collison,1610612747.0,Los Angeles,Lakers,LAL,0,0,,,,,,0
0022100511,434,3,12,3,9:42 PM,4:38,Brooks Free Throw 2 of 2 (11 PTS),,,84 - 83,-1,4,1629717,Armoni Brooks,1610612745.0,Houston,Rockets,HOU,0,0,,,,,,0,0,,,,,,1
0022100511,435,2,98,3,9:43 PM,4:27,Wood BLOCK (1 BLK),,MISS Bradley 5' Cutting Layup Shot,,,5,202340,Avery Bradley,1610612747.0,Los Angeles,Lakers,LAL,0,0,,,,,,4,1626174,Christian Wood,1610612745.0,Houston,Rockets,HOU,1
0022100511,437,4,0,3,9:43 PM,4:27,,,Lakers Rebound,,,3,1610612747,,,,,,0,0,,,,,,0,0,,,,,,0
0022100511,439,2,86,3,9:43 PM,4:20,Nwaba BLOCK (3 BLK),,MISS Anthony 14' Turnaround Fadeaway Shot,,,5,2546,Carmelo Anthony,1610612747.0,Los Angeles,Lakers,LAL,0,0,,,,,,4,1628021,David Nwaba,1610612745.0,Houston,Rockets,HOU,1
0022100511,440,4,0,3,9:43 PM,4:15,,,Anthony REBOUND (Off:1 Def:3),,,5,2546,Carmelo Anthony,1610612747.0,Los Angeles,Lakers,LAL,0,0,,,,,,0,0,,,,,,1
0022100511,441,2,63,3,9:43 PM,4:09,,,MISS Anthony 11' Fadeaway Jumper,,,5,2546,Carmelo Anthony,1610612747.0,Los Angeles,Lakers,LAL,0,0,,,,,,0,0,,,,,,1
0022100511,442,4,0,3,9:43 PM,4:07,Wood REBOUND (Off:0 Def:5),,,,,4,1626174,Christian Wood,1610612745.0,Houston,Rockets,HOU,0,0,,,,,,0,0,,,,,,1
0022100511,443,1,5,3,9:43 PM,4:03,Nwaba 2' Layup (6 PTS) (Porter Jr. 8 AST),,,84 - 85,1,4,1628021,David Nwaba,1610612745.0,Houston,Rockets,HOU,4,1629645,Kevin Porter Jr.,1610612745.0,Houston,Rockets,HOU,0,0,,,,,,1
0022100511,446,2,6,3,9:44 PM,3:46,,,MISS Bradley 2' Driving Layup,,,5,202340,Avery Bradley,1610612747.0,Los Angeles,Lakers,LAL,0,0,,,,,,0,0,,,,,,1
0022100511,447,4,0,3,9:44 PM,3:44,Wood REBOUND (Off:0 Def:6),,,,,4,1626174,Christian Wood,1610612745.0,Houston,Rockets,HOU,0,0,,,,,,0,0,,,,,,1
0022100511,448,2,102,3,9:44 PM,3:27,MISS Porter Jr. 11' Driving Floating Bank Jump Shot,,,,,4,1629645,Kevin Porter Jr.,1610612745.0,Houston,Rockets,HOU,0,0,,,,,,0,0,,,,,,1
0022100511,449,4,0,3,9:44 PM,3:25,,,Johnson REBOUND (Off:0 Def:3),,,5,1626169,Stanley Johnson,1610612747.0,Los Angeles,Lakers,LAL,0,0,,,,,,0,0,,,,,,1
0022100511,450,6,2,3,9:44 PM,3:23,Wood S.FOUL (P2.T1) (E.Lewis),,,,,4,1626174,Christian Wood,1610612745.0,Houston,Rockets,HOU,5,1626169,Stanley Johnson,1610612747.0,Los Angeles,Lakers,LAL,1,0,,,,,,1
0022100511,452,3,11,3,9:44 PM,3:23,,,Johnson Free Throw 1 of 2 (4 PTS),85 - 85,TIE,5,1626169,Stanley Johnson,1610612747.0,Los Angeles,Lakers,LAL,0,0,,,,,,0,0,,,,,,1
0022100511,453,8,0,3,9:44 PM,3:23,SUB: Sengun FOR Wood,,,,,4,1626174,Christian Wood,1610612745.0,Houston,Rockets,HOU,4,1630578,Alperen Sengun,1610612745.0,Houston,Rockets,HOU,0,0,,,,,,0
0022100511,454,8,0,3,9:44 PM,3:23,,,SUB: Westbrook FOR Bradley,,,5,202340,Avery Bradley,1610612747.0,Los Angeles,Lakers,LAL,5,201566,Russell Westbrook,1610612747.0,Los Angeles,Lakers,LAL,0,0,,,,,,0
0022100511,457,3,12,3,9:45 PM,3:23,,,Johnson Free Throw 2 of 2 (5 PTS),86 - 85,-1,5,1626169,Stanley Johnson,1610612747.0,Los Angeles,Lakers,LAL,0,0,,,,,,0,0,,,,,,1
0022100511,458,2,1,3,9:45 PM,3:15,MISS Brooks 27' 3PT Jump Shot,,,,,4,1629717,Armoni Brooks,1610612745.0,Houston,Rockets,HOU,0,0,,,,,,0,0,,,,,,1
0022100511,459,4,0,3,9:45 PM,3:10,,,Johnson REBOUND (Off:0 Def:4),,,5,1626169,Stanley Johnson,1610612747.0,Los Angeles,Lakers,LAL,0,0,,,,,,0,0,,,,,,1
0022100511,460,2,1,3,9:45 PM,3:03,,,MISS Johnson 26' 3PT Jump Shot,,,5,1626169,Stanley Johnson,1610612747.0,Los Angeles,Lakers,LAL,0,0,,,,,,0,0,,,,,,1
0022100511,461,4,0,3,9:45 PM,3:00,Porter Jr. REBOUND (Off:1 Def:3),,,,,4,1629645,Kevin Porter Jr.,1610612745.0,Houston,Rockets,HOU,0,0,,,,,,0,0,,,,,,1
0022100511,462,5,39,3,9:45 PM,2:49,Porter Jr. Step Out of Bounds Turnover (P4.T10),,,,,4,1629645,Kevin Porter Jr.,1610612745.0,Houston,Rockets,HOU,0,0,,,,,,1,0,,,,,,1
0022100511,463,8,0,3,9:45 PM,2:49,SUB: Green FOR Nwaba,,,,,4,1628021,David Nwaba,1610612745.0,Houston,Rockets,HOU,4,1630224,Jalen Green,1610612745.0,Houston,Rockets,HOU,0,0,,,,,,0
0022100511,464,8,0,3,9:45 PM,2:49,SUB: Gordon FOR Porter Jr.,,,,,4,1629645,Kevin Porter Jr.,1610612745.0,Houston,Rockets,HOU,4,201569,Eric Gordon,1610612745.0,Houston,Rockets,HOU,0,0,,,,,,0
0022100511,467,6,2,3,9:46 PM,2:41,Christopher S.FOUL (P2.T2) (B.Adair),,,,,4,1630528,Josh Christopher,1610612745.0,Houston,Rockets,HOU,5,201566,Russell Westbrook,1610612747.0,Los Angeles,Lakers,LAL,1,0,,,,,,1
0022100511,469,3,11,3,9:46 PM,2:41,,,MISS Westbrook Free Throw 1 of 2,,,5,201566,Russell Westbrook,1610612747.0,Los Angeles,Lakers,LAL,0,0,,,,,,0,0,,,,,,1
0022100511,470,4,1,3,9:46 PM,2:41,,,Lakers Rebound,,,3,1610612747,,,,,,0,0,,,,,,0,0,,,,,,0
0022100511,471,3,12,3,9:46 PM,2:41,,,MISS Westbrook Free Throw 2 of 2,,,5,201566,Russell Westbrook,1610612747.0,Los Angeles,Lakers,LAL,0,0,,,,,,0,0,,,,,,1
0022100511,472,4,0,3,9:46 PM,2:41,ROCKETS Rebound,,,,,2,1610612745,,,,,,0,0,,,,,,0,0,,,,,,1
0022100511,473,6,3,3,9:47 PM,2:40,,,Johnson L.B.FOUL (P4.PN) (B.Haskill),,,5,1626169,Stanley Johnson,1610612747.0,Los Angeles,Lakers,LAL,4,1630528,Josh Christopher,1610612745.0,Houston,Rockets,HOU,1,0,,,,,,1
0022100511,475,3,11,3,9:47 PM,2:40,Christopher Free Throw 1 of 2 (5 PTS),,,86 - 86,TIE,4,1630528,Josh Christopher,1610612745.0,Houston,Rockets,HOU,0,0,,,,,,0,0,,,,,,1
0022100511,476,3,12,3,9:48 PM,2:40,Christopher Free Throw 2 of 2 (6 PTS),,,86 - 87,1,4,1630528,Josh Christopher,1610612745.0,Houston,Rockets,HOU,0,0,,,,,,0,0,,,,,,1
0022100511,477,1,6,3,9:48 PM,2:27,,,Horton-Tucker 2' Driving Layup (2 PTS) (Johnson 2 AST),88 - 87,-1,5,1629659,Talen Horton-Tucker,1610612747.0,Los Angeles,Lakers,LAL,5,1626169,Stanley Johnson,1610612747.0,Los Angeles,Lakers,LAL,0,0,,,,,,1
0022100511,479,6,2,3,9:48 PM,2:27,Sengun S.FOUL (P4.T3) (E.Lewis),,,,,4,1630578,Alperen Sengun,1610612745.0,Houston,Rockets,HOU,5,1629659,Talen Horton-Tucker,1610612747.0,Los Angeles,Lakers,LAL,1,0,,,,,,1
0022100511,481,3,10,3,9:48 PM,2:27,,,MISS Horton-Tucker Free Throw 1 of 1,,,5,1629659,Talen Horton-Tucker,1610612747.0,Los Angeles,Lakers,LAL,0,0,,,,,,0,0,,,,,,1
0022100511,482,4,0,3,9:48 PM,2:27,Gordon REBOUND (Off:0 Def:3),,,,,4,201569,Eric Gordon,1610612745.0,Houston,Rockets,HOU,0,0,,,,,,0,0,,,,,,1
0022100511,483,5,39,3,9:49 PM,2:08,Green Step Out of Bounds Turnover (P1.T11),,,,,4,1630224,Jalen Green,1610612745.0,Houston,Rockets,HOU,0,0,,,,,,1,0,,,,,,1
0022100511,484,1,79,3,9:49 PM,1:54,,,Anthony 20' Pullup Jump Shot (15 PTS) (Westbrook 5 AST),90 - 87,-3,5,2546,Carmelo Anthony,1610612747.0,Los Angeles,Lakers,LAL,5,201566,Russell Westbrook,1610612747.0,Los Angeles,Lakers,LAL,0,0,,,,,,1
0022100511,486,1,5,3,9:50 PM,1:38,Sengun 1' Layup (8 PTS),,,90 - 89,-1,4,1630578,Alperen Sengun,1610612745.0,Houston,Rockets,HOU,0,0,,,,,,0,0,,,,,,1
0022100511,487,6,2,3,9:50 PM,1:38,,,Anthony S.FOUL (P2.PN) (E.Lewis),,,5,2546,Carmelo Anthony,1610612747.0,Los Angeles,Lakers,LAL,4,1630578,Alperen Sengun,1610612745.0,Houston,Rockets,HOU,1,0,,,,,,1
0022100511,489,3,10,3,9:50 PM,1:38,MISS Sengun Free Throw 1 of 1,,,,,4,1630578,Alperen Sengun,1610612745.0,Houston,Rockets,HOU,0,0,,,,,,0,0,,,,,,1
0022100511,490,4,0,3,9:50 PM,1:38,,,Anthony REBOUND (Off:1 Def:4),,,5,2546,Carmelo Anthony,1610612747.0,Los Angeles,Lakers,LAL,0,0,,,,,,0,0,,,,,,1
0022100511,491,2,66,3,9:50 PM,1:21,,,MISS Westbrook 16' Jump Bank Shot,,,5,201566,Russell Westbrook,1610612747.0,Los Angeles,Lakers,LAL,0,0,,,,,,0,0,,,,,,1
0022100511,492,4,0,3,9:51 PM,1:17,Green REBOUND (Off:0 Def:2),,,,,4,1630224,Jalen Green,1610612745.0,Houston,Rockets,HOU,0,0,,,,,,0,0,,,,,,1
0022100511,493,6,1,3,9:51 PM,1:17,,,Horton-Tucker P.FOUL (P4.PN) (B.Adair),,,5,1629659,Talen Horton-Tucker,1610612747.0,Los Angeles,Lakers,LAL,4,1630224,Jalen Green,1610612745.0,Houston,Rockets,HOU,1,0,,,,,,1
0022100511,495,3,11,3,9:51 PM,1:17,MISS Green Free Throw 1 of 2,,,,,4,1630224,Jalen Green,1610612745.0,Houston,Rockets,HOU,0,0,,,,,,0,0,,,,,,1
0022100511,496,4,1,3,9:51 PM,1:17,ROCKETS Rebound,,,,,2,1610612745,,,,,,0,0,,,,,,0,0,,,,,,0
0022100511,497,8,0,3,9:51 PM,1:17,,,SUB: Monk FOR Horton-Tucker,,,5,1629659,Talen Horton-Tucker,1610612747.0,Los Angeles,Lakers,LAL,5,1628370,Malik Monk,1610612747.0,Los Angeles,Lakers,LAL,0,0,,,,,,0
0022100511,499,3,12,3,9:51 PM,1:17,Green Free Throw 2 of 2 (10 PTS),,,90 - 90,TIE,4,1630224,Jalen Green,1610612745.0,Houston,Rockets,HOU,0,0,,,,,,0,0,,,,,,1
0022100511,500,2,1,3,9:52 PM,0:53,,,MISS Collison 3PT Jump Shot,,,5,201954,Darren Collison,1610612747.0,Los Angeles,Lakers,LAL,0,0,,,,,,0,0,,,,,,1
0022100511,501,4,0,3,9:52 PM,0:51,,,Westbrook REBOUND (Off:3 Def:8),,,5,201566,Russell Westbrook,1610612747.0,Los Angeles,Lakers,LAL,0,0,,,,,,0,0,,,,,,1
0022100511,502,2,6,3,9:52 PM,0:45,Sengun BLOCK (1 BLK),,MISS Westbrook 1' Driving Layup,,,5,201566,Russell Westbrook,1610612747.0,Los Angeles,Lakers,LAL,0,0,,,,,,4,1630578,Alperen Sengun,1610612745.0,Houston,Rockets,HOU,1
0022100511,504,4,0,3,9:52 PM,0:44,,,Anthony REBOUND (Off:2 Def:4),,,5,2546,Carmelo Anthony,1610612747.0,Los Angeles,Lakers,LAL,0,0,,,,,,0,0,,,,,,1
0022100511,505,1,87,3,9:52 PM,0:43,,,Anthony 4' Putback Dunk (17 PTS),92 - 90,-2,5,2546,Carmelo Anthony,1610612747.0,Los Angeles,Lakers,LAL,0,0,,,,,,0,0,,,,,,1
0022100511,506,1,6,3,9:52 PM,0:34,Christopher 1' Driving Layup (8 PTS),,,92 - 92,TIE,4,1630528,Josh Christopher,1610612745.0,Houston,Rockets,HOU,0,0,,,,,,0,0,,,,,,1
0022100511,507,1,6,3,9:52 PM,0:29,,,Johnson 2' Driving Layup (7 PTS) (Collison 1 AST),94 - 92,-2,5,1626169,Stanley Johnson,1610612747.0,Los Angeles,Lakers,LAL,5,201954,Darren Collison,1610612747.0,Los Angeles,Lakers,LAL,0,0,,,,,,1
0022100511,509,2,75,3,9:53 PM,0:11,MISS Green 2' Driving Finger Roll Layup,,Monk BLOCK (2 BLK),,,4,1630224,Jalen Green,1610612745.0,Houston,Rockets,HOU,0,0,,,,,,5,1628370,Malik Monk,1610612747.0,Los Angeles,Lakers,LAL,1
0022100511,511,4,0,3,9:53 PM,0:09,,,Anthony REBOUND (Off:2 Def:5),,,5,2546,Carmelo Anthony,1610612747.0,Los Angeles,Lakers,LAL,0,0,,,,,,0,0,,,,,,1
0022100511,512,1,79,3,9:53 PM,0:00,,,Westbrook 28' 3PT Pullup Jump Shot (20 PTS),97 - 92,-5,5,201566,Russell Westbrook,1610612747.0,Los Angeles,Lakers,LAL,0,0,,,,,,0,0,,,,,,1
0022100511,513,13,0,3,9:53 PM,0:00,,End of 3rd Period (9:53 PM EST),,97 - 92,-5,0,0,,,,,,0,0,,,,,,0,0,,,,,,1
0022100511,516,12,0,4,9:56 PM,12:00,,Start of 4th Period (9:56 PM EST),,97 - 92,-5,0,0,,,,,,0,0,,,,,,0,0,,,,,,0
0022100511,517,1,1,4,9:56 PM,11:48,,,James 20' Jump Shot (20 PTS) (Westbrook 6 AST),99 - 92,-7,5,2544,LeBron James,1610612747.0,Los Angeles,Lakers,LAL,5,201566,Russell Westbrook,1610612747.0,Los Angeles,Lakers,LAL,0,0,,,,,,1
0022100511,519,7,1,4,9:56 PM,11:45,,,Lakers Violation: Delay of game Violation,,,3,1610612747,,,,,,0,0,,,,,,1,0,,,,,,0
0022100511,520,2,108,4,9:56 PM,11:34,MISS Sengun 1' Cutting Dunk Shot,,,,,4,1630578,Alperen Sengun,1610612745.0,Houston,Rockets,HOU,0,0,,,,,,0,0,,,,,,1
0022100511,521,4,0,4,9:56 PM,11:31,,,Collison REBOUND (Off:0 Def:2),,,5,201954,Darren Collison,1610612747.0,Los Angeles,Lakers,LAL,0,0,,,,,,0,0,,,,,,1
0022100511,522,6,2,4,9:57 PM,11:22,Brooks S.FOUL (P2.T1) (B.Haskill),,,,,4,1629717,Armoni Brooks,1610612745.0,Houston,Rockets,HOU,5,1628370,Malik Monk,1610612747.0,Los Angeles,Lakers,LAL,1,0,,,,,,1
0022100511,524,3,11,4,9:57 PM,11:22,,,Monk Free Throw 1 of 2 (22 PTS),100 - 92,-8,5,1628370,Malik Monk,1610612747.0,Los Angeles,Lakers,LAL,0,0,,,,,,0,0,,,,,,1
0022100511,525,3,12,4,9:57 PM,11:22,,,Monk Free Throw 2 of 2 (23 PTS),101 - 92,-9,5,1628370,Malik Monk,1610612747.0,Los Angeles,Lakers,LAL,0,0,,,,,,0,0,,,,,,1
0022100511,526,2,1,4,9:57 PM,11:11,MISS Christopher 26' 3PT Jump Shot,,,,,4,1630528,Josh Christopher,1610612745.0,Houston,Rockets,HOU,0,0,,,,,,0,0,,,,,,1
0022100511,527,4,0,4,9:57 PM,11:09,,,James REBOUND (Off:2 Def:4),,,5,2544,LeBron James,1610612747.0,Los Angeles,Lakers,LAL,0,0,,,,,,0,0,,,,,,1
0022100511,528,1,75,4,9:58 PM,11:03,,,Collison 1' Driving Finger Roll Layup (2 PTS) (James 9 AST),103 - 92,-11,5,201954,Darren Collison,1610612747.0,Los Angeles,Lakers,LAL,5,2544,LeBron James,1610612747.0,Los Angeles,Lakers,LAL,0,0,,,,,,1
0022100511,530,1,75,4,9:58 PM,10:52,Christopher 1' Driving Finger Roll Layup (10 PTS),,,103 - 94,-9,4,1630528,Josh Christopher,1610612745.0,Houston,Rockets,HOU,0,0,,,,,,0,0,,,,,,1
0022100511,531,2,1,4,9:58 PM,10:31,,,MISS Anthony 26' 3PT Jump Shot,,,5,2546,Carmelo Anthony,1610612747.0,Los Angeles,Lakers,LAL,0,0,,,,,,0,0,,,,,,1
0022100511,532,4,0,4,9:58 PM,10:29,Christopher REBOUND (Off:0 Def:1),,,,,4,1630528,Josh Christopher,1610612745.0,Houston,Rockets,HOU,0,0,,,,,,0,0,,,,,,1
0022100511,533,2,1,4,9:58 PM,10:12,MISS Brooks 25' 3PT Jump Shot,,,,,4,1629717,Armoni Brooks,1610612745.0,Houston,Rockets,HOU,0,0,,,,,,0,0,,,,,,1
0022100511,534,4,0,4,9:58 PM,10:08,Christopher REBOUND (Off:1 Def:1),,,,,4,1630528,Josh Christopher,1610612745.0,Houston,Rockets,HOU,0,0,,,,,,0,0,,,,,,1
0022100511,535,1,1,4,9:59 PM,10:06,Green 26' 3PT Jump Shot (13 PTS) (Christopher 2 AST),,,103 - 97,-6,4,1630224,Jalen Green,1610612745.0,Houston,Rockets,HOU,4,1630528,Josh Christopher,1610612745.0,Houston,Rockets,HOU,0,0,,,,,,1
0022100511,537,1,86,4,9:59 PM,9:38,,,Anthony 13' Turnaround Fadeaway (19 PTS),105 - 97,-8,5,2546,Carmelo Anthony,1610612747.0,Los Angeles,Lakers,LAL,0,0,,,,,,0,0,,,,,,1
0022100511,538,1,80,4,9:59 PM,9:24,Green 26' 3PT Step Back Jump Shot (16 PTS),,,105 - 100,-5,4,1630224,Jalen Green,1610612745.0,Houston,Rockets,HOU,0,0,,,,,,0,0,,,,,,1
0022100511,539,5,1,4,9:59 PM,9:13,Green STEAL (2 STL),,Westbrook Bad Pass Turnover (P7.T11),,,5,201566,Russell Westbrook,1610612747.0,Los Angeles,Lakers,LAL,4,1630224,Jalen Green,1610612745.0,Houston,Rockets,HOU,0,0,,,,,,1
0022100511,541,6,2,4,9:59 PM,9:09,,,Anthony S.FOUL (P3.T1) (B.Adair),,,5,2546,Carmelo Anthony,1610612747.0,Los Angeles,Lakers,LAL,4,1630528,Josh Christopher,1610612745.0,Houston,Rockets,HOU,1,0,,,,,,1
0022100511,543,3,11,4,10:00 PM,9:09,Christopher Free Throw 1 of 2 (11 PTS),,,105 - 101,-4,4,1630528,Josh Christopher,1610612745.0,Houston,Rockets,HOU,0,0,,,,,,0,0,,,,,,1
0022100511,544,3,12,4,10:00 PM,9:09,Christopher Free Throw 2 of 2 (12 PTS),,,105 - 102,-3,4,1630528,Josh Christopher,1610612745.0,Houston,Rockets,HOU,0,0,,,,,,0,0,,,,,,1
0022100511,545,9,1,4,10:01 PM,9:05,,,Lakers Timeout: Regular (Reg.5 Short 0),,,3,1610612747,,,,,,0,0,,,,,,0,0,,,,,,0
0022100511,546,8,0,4,10:03 PM,9:05,,,SUB: Johnson FOR Westbrook,,,5,201566,Russell Westbrook,1610612747.0,Los Angeles,Lakers,LAL,5,1626169,Stanley Johnson,1610612747.0,Los Angeles,Lakers,LAL,0,0,,,,,,0
0022100511,547,8,0,4,10:03 PM,9:05,,,SUB: Horton-Tucker FOR Collison,,,5,201954,Darren Collison,1610612747.0,Los Angeles,Lakers,LAL,5,1629659,Talen Horton-Tucker,1610612747.0,Los Angeles,Lakers,LAL,0,0,,,,,,0
0022100511,550,1,108,4,10:04 PM,8:53,,,Monk 2' Cutting Dunk Shot (25 PTS) (James 10 AST),107 - 102,-5,5,1628370,Malik Monk,1610612747.0,Los Angeles,Lakers,LAL,5,2544,LeBron James,1610612747.0,Los Angeles,Lakers,LAL,0,0,,,,,,1
0022100511,552,1,75,4,10:04 PM,8:33,Gordon 6' Driving Finger Roll Layup (13 PTS),,,107 - 104,-3,4,201569,Eric Gordon,1610612745.0,Houston,Rockets,HOU,0,0,,,,,,0,0,,,,,,1
0022100511,553,1,6,4,10:04 PM,8:12,,,Johnson 1' Driving Layup (9 PTS),109 - 104,-5,5,1626169,Stanley Johnson,1610612747.0,Los Angeles,Lakers,LAL,0,0,,,,,,0,0,,,,,,1
0022100511,554,5,1,4,10:05 PM,7:43,Green Bad Pass Turnover (P2.T12),,Anthony STEAL (1 STL),,,4,1630224,Jalen Green,1610612745.0,Houston,Rockets,HOU,5,2546,Carmelo Anthony,1610612747.0,Los Angeles,Lakers,LAL,0,0,,,,,,1
0022100511,556,2,41,4,10:05 PM,7:40,,,MISS James 3' Running Layup,,,5,2544,LeBron James,1610612747.0,Los Angeles,Lakers,LAL,0,0,,,,,,0,0,,,,,,1
0022100511,557,4,0,4,10:05 PM,7:38,,,Anthony REBOUND (Off:3 Def:5),,,5,2546,Carmelo Anthony,1610612747.0,Los Angeles,Lakers,LAL,0,0,,,,,,0,0,,,,,,1
0022100511,558,1,1,4,10:05 PM,7:37,,,Anthony 5' Jump Shot (21 PTS),111 - 104,-7,5,2546,Carmelo Anthony,1610612747.0,Los Angeles,Lakers,LAL,0,0,,,,,,0,0,,,,,,1
0022100511,559,1,6,4,10:05 PM,7:24,Green 2' Driving Layup (18 PTS),,,111 - 106,-5,4,1630224,Jalen Green,1610612745.0,Houston,Rockets,HOU,0,0,,,,,,0,0,,,,,,1
0022100511,560,6,2,4,10:05 PM,7:24,,,Anthony S.FOUL (P4.T2) (E.Lewis),,,5,2546,Carmelo Anthony,1610612747.0,Los Angeles,Lakers,LAL,4,1630224,Jalen Green,1610612745.0,Houston,Rockets,HOU,1,0,,,,,,1
0022100511,562,8,0,4,10:05 PM,7:24,SUB: Nwaba FOR Gordon,,,,,4,201569,Eric Gordon,1610612745.0,Houston,Rockets,HOU,4,1628021,David Nwaba,1610612745.0,Houston,Rockets,HOU,0,0,,,,,,0
0022100511,563,8,0,4,10:05 PM,7:24,,,SUB: Bradley FOR Anthony,,,5,2546,Carmelo Anthony,1610612747.0,Los Angeles,Lakers,LAL,5,202340,Avery Bradley,1610612747.0,Los Angeles,Lakers,LAL,0,0,,,,,,0
0022100511,566,3,10,4,10:06 PM,7:24,Green Free Throw 1 of 1 (19 PTS),,,111 - 107,-4,4,1630224,Jalen Green,1610612745.0,Houston,Rockets,HOU,0,0,,,,,,0,0,,,,,,1
0022100511,567,2,1,4,10:06 PM,7:06,,,MISS Bradley 17' Jump Shot,,,5,202340,Avery Bradley,1610612747.0,Los Angeles,Lakers,LAL,0,0,,,,,,0,0,,,,,,1
0022100511,568,4,0,4,10:06 PM,7:04,Nwaba REBOUND (Off:1 Def:6),,,,,4,1628021,David Nwaba,1610612745.0,Houston,Rockets,HOU,0,0,,,,,,0,0,,,,,,1
0022100511,569,2,73,4,10:06 PM,6:52,MISS Nwaba 1' Driving Reverse Layup,,James BLOCK (2 BLK),,,4,1628021,David Nwaba,1610612745.0,Houston,Rockets,HOU,0,0,,,,,,5,2544,LeBron James,1610612747.0,Los Angeles,Lakers,LAL,1
0022100511,570,4,0,4,10:06 PM,6:51,,,James REBOUND (Off:2 Def:5),,,5,2544,LeBron James,1610612747.0,Los Angeles,Lakers,LAL,0,0,,,,,,0,0,,,,,,1
0022100511,571,5,1,4,10:07 PM,6:41,Brooks STEAL (1 STL),,James Bad Pass Turnover (P3.T12),,,5,2544,LeBron James,1610612747.0,Los Angeles,Lakers,LAL,4,1629717,Armoni Brooks,1610612745.0,Houston,Rockets,HOU,0,0,,,,,,1
0022100511,573,1,79,4,10:07 PM,6:36,Green 27' 3PT Pullup Jump Shot (22 PTS) (Brooks 2 AST),,,111 - 110,-1,4,1630224,Jalen Green,1610612745.0,Houston,Rockets,HOU,4,1629717,Armoni Brooks,1610612745.0,Houston,Rockets,HOU,0,0,,,,,,1
0022100511,575,6,3,4,10:07 PM,6:36,,,Horton-Tucker L.B.FOUL (P5.T3) (E.Lewis),,,5,1629659,Talen Horton-Tucker,1610612747.0,Los Angeles,Lakers,LAL,4,1628021,David Nwaba,1610612745.0,Houston,Rockets,HOU,1,0,,,,,,1
0022100511,577,8,0,4,10:07 PM,6:36,,,SUB: Westbrook FOR Horton-Tucker,,,5,1629659,Talen Horton-Tucker,1610612747.0,Los Angeles,Lakers,LAL,5,201566,Russell Westbrook,1610612747.0,Los Angeles,Lakers,LAL,0,0,,,,,,0
0022100511,579,8,0,4,10:07 PM,6:36,SUB: Porter Jr. FOR Brooks,,,,,4,1629717,Armoni Brooks,1610612745.0,Houston,Rockets,HOU,4,1629645,Kevin Porter Jr.,1610612745.0,Houston,Rockets,HOU,0,0,,,,,,0
0022100511,581,3,10,4,10:08 PM,6:36,Nwaba Free Throw 1 of 1 (7 PTS),,,111 - 111,TIE,4,1628021,David Nwaba,1610612745.0,Houston,Rockets,HOU,0,0,,,,,,0,0,,,,,,1
0022100511,582,1,5,4,10:08 PM,6:22,,,James 2' Layup (22 PTS) (Westbrook 7 AST),113 - 111,-2,5,2544,LeBron James,1610612747.0,Los Angeles,Lakers,LAL,5,201566,Russell Westbrook,1610612747.0,Los Angeles,Lakers,LAL,0,0,,,,,,1
0022100511,584,2,6,4,10:08 PM,6:00,MISS Christopher 2' Driving Layup,,,,,4,1630528,Josh Christopher,1610612745.0,Houston,Rockets,HOU,0,0,,,,,,0,0,,,,,,1
0022100511,585,4,0,4,10:08 PM,5:58,,,Johnson REBOUND (Off:0 Def:5),,,5,1626169,Stanley Johnson,1610612747.0,Los Angeles,Lakers,LAL,0,0,,,,,,0,0,,,,,,1
0022100511,586,2,9,4,10:09 PM,5:43,,,MISS Westbrook 1' Driving Dunk,,,5,201566,Russell Westbrook,1610612747.0,Los Angeles,Lakers,LAL,0,0,,,,,,0,0,,,,,,1
0022100511,587,4,0,4,10:09 PM,5:41,,,James REBOUND (Off:3 Def:5),,,5,2544,LeBron James,1610612747.0,Los Angeles,Lakers,LAL,0,0,,,,,,0,0,,,,,,1
0022100511,588,2,1,4,10:09 PM,5:36,,,MISS Monk 26' 3PT Jump Shot,,,5,1628370,Malik Monk,1610612747.0,Los Angeles,Lakers,LAL,0,0,,,,,,0,0,,,,,,1
0022100511,589,4,0,4,10:09 PM,5:34,ROCKETS Rebound,,,,,2,1610612745,,,,,,0,0,,,,,,0,0,,,,,,0
0022100511,590,6,3,4,10:09 PM,5:34,,,Johnson L.B.FOUL (P5.T4) (E.Lewis),,,5,1626169,Stanley Johnson,1610612747.0,Los Angeles,Lakers,LAL,4,1630528,Josh Christopher,1610612745.0,Houston,Rockets,HOU,1,0,,,,,,1
0022100511,592,9,1,4,10:09 PM,5:34,ROCKETS Timeout: Regular (Full 4 Short 0),,,,,2,1610612745,,,,,,0,0,,,,,,0,0,,,,,,0
0022100511,595,8,0,4,10:11 PM,5:34,,,SUB: Anthony FOR Johnson,,,5,1626169,Stanley Johnson,1610612747.0,Los Angeles,Lakers,LAL,5,2546,Carmelo Anthony,1610612747.0,Los Angeles,Lakers,LAL,0,0,,,,,,0
0022100511,597,1,98,4,10:12 PM,5:23,Sengun 1' Cutting Layup Shot (10 PTS) (Porter Jr. 9 AST),,,113 - 113,TIE,4,1630578,Alperen Sengun,1610612745.0,Houston,Rockets,HOU,4,1629645,Kevin Porter Jr.,1610612745.0,Houston,Rockets,HOU,0,0,,,,,,1
0022100511,599,1,98,4,10:13 PM,4:58,,,Bradley 2' Cutting Layup Shot (14 PTS) (James 11 AST),115 - 113,-2,5,202340,Avery Bradley,1610612747.0,Los Angeles,Lakers,LAL,5,2544,LeBron James,1610612747.0,Los Angeles,Lakers,LAL,0,0,,,,,,1
0022100511,601,5,4,4,10:13 PM,4:37,Sengun Traveling Turnover (P1.T13),,,,,4,1630578,Alperen Sengun,1610612745.0,Houston,Rockets,HOU,0,0,,,,,,1,0,,,,,,1
0022100511,602,6,1,4,10:13 PM,4:24,Nwaba P.FOUL (P2.T2) (E.Lewis),,,,,4,1628021,David Nwaba,1610612745.0,Houston,Rockets,HOU,5,2544,LeBron James,1610612747.0,Los Angeles,Lakers,LAL,1,0,,,,,,1
0022100511,604,8,0,4,10:14 PM,4:24,SUB: Wood FOR Sengun,,,,,4,1630578,Alperen Sengun,1610612745.0,Houston,Rockets,HOU,4,1626174,Christian Wood,1610612745.0,Houston,Rockets,HOU,0,0,,,,,,0
0022100511,606,2,86,4,10:14 PM,4:11,,,MISS James 13' Turnaround Fadeaway Shot,,,5,2544,LeBron James,1610612747.0,Los Angeles,Lakers,LAL,0,0,,,,,,0,0,,,,,,1
0022100511,607,4,0,4,10:14 PM,4:07,Christopher REBOUND (Off:1 Def:2),,,,,4,1630528,Josh Christopher,1610612745.0,Houston,Rockets,HOU,0,0,,,,,,0,0,,,,,,1
0022100511,608,1,6,4,10:14 PM,3:55,Christopher 1' Driving Layup (14 PTS),,,115 - 115,TIE,4,1630528,Josh Christopher,1610612745.0,Houston,Rockets,HOU,0,0,,,,,,0,0,,,,,,1
0022100511,609,1,75,4,10:15 PM,3:38,,,Westbrook 2' Driving Finger Roll Layup (22 PTS),117 - 115,-2,5,201566,Russell Westbrook,1610612747.0,Los Angeles,Lakers,LAL,0,0,,,,,,0,0,,,,,,1
0022100511,610,6,1,4,10:15 PM,3:22,,,Westbrook P.FOUL (P1.PN) (E.Lewis),,,5,201566,Russell Westbrook,1610612747.0,Los Angeles,Lakers,LAL,4,1626174,Christian Wood,1610612745.0,Houston,Rockets,HOU,1,0,,,,,,1
0022100511,612,3,11,4,10:15 PM,3:22,MISS Wood Free Throw 1 of 2,,,,,4,1626174,Christian Wood,1610612745.0,Houston,Rockets,HOU,0,0,,,,,,0,0,,,,,,1
0022100511,613,4,1,4,10:15 PM,3:22,ROCKETS Rebound,,,,,2,1610612745,,,,,,0,0,,,,,,0,0,,,,,,0
0022100511,614,9,1,4,10:16 PM,3:22,ROCKETS Timeout: Regular (Full 5 Short 0),,,,,2,1610612745,,,,,,0,0,,,,,,0,0,,,,,,0
0022100511,615,7,1,4,10:17 PM,3:22,ROCKETS Violation: Delay of game Violation,,,,,2,1610612745,,,,,,0,0,,,,,,1,0,,,,,,0
0022100511,616,3,12,4,10:18 PM,3:22,Wood Free Throw 2 of 2 (22 PTS),,,117 - 116,-1,4,1626174,Christian Wood,1610612745.0,Houston,Rockets,HOU,0,0,,,,,,0,0,,,,,,0
0022100511,617,6,1,4,10:18 PM,3:11,Porter Jr. P.FOUL (P3.T3) (E.Lewis),,,,,4,1629645,Kevin Porter Jr.,1610612745.0,Houston,Rockets,HOU,5,2544,LeBron James,1610612747.0,Los Angeles,Lakers,LAL,1,0,,,,,,1
0022100511,619,8,0,4,10:18 PM,3:11,SUB: Gordon FOR Christopher,,,,,4,1630528,Josh Christopher,1610612745.0,Houston,Rockets,HOU,4,201569,Eric Gordon,1610612745.0,Houston,Rockets,HOU,0,0,,,,,,0
0022100511,621,2,6,4,10:19 PM,3:01,Nwaba BLOCK (4 BLK),,MISS Westbrook 1' Driving Layup,,,5,201566,Russell Westbrook,1610612747.0,Los Angeles,Lakers,LAL,0,0,,,,,,4,1628021,David Nwaba,1610612745.0,Houston,Rockets,HOU,1
0022100511,622,4,0,4,10:19 PM,3:00,,,James REBOUND (Off:4 Def:5),,,5,2544,LeBron James,1610612747.0,Los Angeles,Lakers,LAL,0,0,,,,,,0,0,,,,,,1
0022100511,623,2,1,4,10:19 PM,2:57,,,MISS Anthony 26' 3PT Jump Shot,,,5,2546,Carmelo Anthony,1610612747.0,Los Angeles,Lakers,LAL,0,0,,,,,,0,0,,,,,,1
0022100511,624,4,0,4,10:19 PM,2:55,Porter Jr. REBOUND (Off:1 Def:4),,,,,4,1629645,Kevin Porter Jr.,1610612745.0,Houston,Rockets,HOU,0,0,,,,,,0,0,,,,,,1
0022100511,627,10,0,4,10:20 PM,2:47,Jump Ball Porter Jr. vs. Bradley: Tip to Wood,,,,,4,1629645,Kevin Porter Jr.,1610612745.0,Houston,Rockets,HOU,5,202340,Avery Bradley,1610612747.0,Los Angeles,Lakers,LAL,4,1626174,Christian Wood,1610612745.0,Houston,Rockets,HOU,1
0022100511,631,2,6,4,10:20 PM,2:38,MISS Green 2' Driving Layup,,,,,4,1630224,Jalen Green,1610612745.0,Houston,Rockets,HOU,0,0,,,,,,0,0,,,,,,0
0022100511,636,4,0,4,10:20 PM,2:38,ROCKETS Rebound,,,,,2,1610612745,,,,,,0,0,,,,,,0,0,,,,,,0
0022100511,633,9,7,4,10:20 PM,2:38,,,Lakers Timeout: Coach Challenge (Reg.5 Short 0),,,3,1610612747,,,,,,0,0,,,,,,0,0,,,,,,0
0022100511,635,18,5,4,10:21 PM,2:38,,Instant Replay4th Period (10:21 PM EST),,117 - 116,-1,0,632,,,,,,0,0,,,,,,1,0,,,,,,1
0022100511,637,10,1,4,10:22 PM,2:35,Jump Ball (CC) Wood vs. James: Tip to Westbrook,,,,,4,1626174,Christian Wood,1610612745.0,Houston,Rockets,HOU,5,2544,LeBron James,1610612747.0,Los Angeles,Lakers,LAL,5,201566,Russell Westbrook,1610612747.0,Los Angeles,Lakers,LAL,1
0022100511,640,1,1,4,10:22 PM,2:25,,,Anthony 3PT Jump Shot (24 PTS) (Westbrook 8 AST),120 - 116,-4,5,2546,Carmelo Anthony,1610612747.0,Los Angeles,Lakers,LAL,5,201566,Russell Westbrook,1610612747.0,Los Angeles,Lakers,LAL,0,0,,,,,,1
0022100511,642,2,79,4,10:23 PM,2:01,MISS Green 16' Pullup Jump Shot,,,,,4,1630224,Jalen Green,1610612745.0,Houston,Rockets,HOU,0,0,,,,,,0,0,,,,,,1
0022100511,643,4,0,4,10:23 PM,1:59,,,Anthony REBOUND (Off:3 Def:6),,,5,2546,Carmelo Anthony,1610612747.0,Los Angeles,Lakers,LAL,0,0,,,,,,0,0,,,,,,1
0022100511,644,2,1,4,10:23 PM,1:42,,,MISS James 30' 3PT Jump Shot,,,5,2544,LeBron James,1610612747.0,Los Angeles,Lakers,LAL,0,0,,,,,,0,0,,,,,,1
0022100511,645,4,0,4,10:23 PM,1:40,,,Westbrook REBOUND (Off:4 Def:8),,,5,201566,Russell Westbrook,1610612747.0,Los Angeles,Lakers,LAL,0,0,,,,,,0,0,,,,,,1
0022100511,646,6,2,4,10:23 PM,1:40,Wood S.FOUL (P3.T4) (B.Haskill),,,,,4,1626174,Christian Wood,1610612745.0,Houston,Rockets,HOU,5,2544,LeBron James,1610612747.0,Los Angeles,Lakers,LAL,1,0,,,,,,1
0022100511,648,3,11,4,10:24 PM,1:40,,,James Free Throw 1 of 2 (23 PTS),121 - 116,-5,5,2544,LeBron James,1610612747.0,Los Angeles,Lakers,LAL,0,0,,,,,,0,0,,,,,,1
0022100511,649,8,0,4,10:24 PM,1:40,,,SUB: Johnson FOR Anthony,,,5,2546,Carmelo Anthony,1610612747.0,Los Angeles,Lakers,LAL,5,1626169,Stanley Johnson,1610612747.0,Los Angeles,Lakers,LAL,0,0,,,,,,0
0022100511,651,3,12,4,10:24 PM,1:40,,,James Free Throw 2 of 2 (24 PTS),122 - 116,-6,5,2544,LeBron James,1610612747.0,Los Angeles,Lakers,LAL,0,0,,,,,,0,0,,,,,,1
0022100511,652,5,45,4,10:25 PM,1:32,Gordon Out of Bounds - Bad Pass Turnover Turnover (P2.T14),,,,,4,201569,Eric Gordon,1610612745.0,Houston,Rockets,HOU,0,0,,,,,,1,0,,,,,,1
0022100511,653,8,0,4,10:25 PM,1:32,,,SUB: Anthony FOR Johnson,,,5,1626169,Stanley Johnson,1610612747.0,Los Angeles,Lakers,LAL,5,2546,Carmelo Anthony,1610612747.0,Los Angeles,Lakers,LAL,0,0,,,,,,0
0022100511,655,1,108,4,10:25 PM,1:18,,,James 1' Cutting Dunk Shot (26 PTS) (Westbrook 9 AST),124 - 116,-8,5,2544,LeBron James,1610612747.0,Los Angeles,Lakers,LAL,5,201566,Russell Westbrook,1610612747.0,Los Angeles,Lakers,LAL,0,0,,,,,,1
0022100511,657,1,80,4,10:25 PM,1:09,Porter Jr. 26' 3PT Step Back Jump Shot (20 PTS),,,124 - 119,-5,4,1629645,Kevin Porter Jr.,1610612745.0,Houston,Rockets,HOU,0,0,,,,,,0,0,,,,,,1
0022100511,658,1,98,4,10:26 PM,0:52,,,James 1' Cutting Layup Shot (28 PTS) (Westbrook 10 AST),126 - 119,-7,5,2544,LeBron James,1610612747.0,Los Angeles,Lakers,LAL,5,201566,Russell Westbrook,1610612747.0,Los Angeles,Lakers,LAL,0,0,,,,,,1
0022100511,660,9,1,4,10:26 PM,0:52,ROCKETS Timeout: Regular (Full 6 Short 0),,,,,2,1610612745,,,,,,0,0,,,,,,0,0,,,,,,0
0022100511,661,8,0,4,10:27 PM,0:52,SUB: Brooks FOR Nwaba,,,,,4,1628021,David Nwaba,1610612745.0,Houston,Rockets,HOU,4,1629717,Armoni Brooks,1610612745.0,Houston,Rockets,HOU,0,0,,,,,,0
0022100511,662,8,0,4,10:27 PM,0:52,,,SUB: Johnson FOR Anthony,,,5,2546,Carmelo Anthony,1610612747.0,Los Angeles,Lakers,LAL,5,1626169,Stanley Johnson,1610612747.0,Los Angeles,Lakers,LAL,0,0,,,,,,0
0022100511,665,1,6,4,10:28 PM,0:47,Porter Jr. 2' Driving Layup (22 PTS) (Wood 3 AST),,,126 - 121,-5,4,1629645,Kevin Porter Jr.,1610612745.0,Houston,Rockets,HOU,4,1626174,Christian Wood,1610612745.0,Houston,Rockets,HOU,0,0,,,,,,1
0022100511,667,6,28,4,10:28 PM,0:45,Porter Jr. Personal Take Foul (P4.PN) (E.Lewis),,,,,4,1629645,Kevin Porter Jr.,1610612745.0,Houston,Rockets,HOU,5,2544,LeBron James,1610612747.0,Los Angeles,Lakers,LAL,1,0,,,,,,1
0022100511,669,3,11,4,10:28 PM,0:45,,,James Free Throw 1 of 2 (29 PTS),127 - 121,-6,5,2544,LeBron James,1610612747.0,Los Angeles,Lakers,LAL,0,0,,,,,,0,0,,,,,,1
0022100511,670,3,12,4,10:28 PM,0:45,,,James Free Throw 2 of 2 (30 PTS),128 - 121,-7,5,2544,LeBron James,1610612747.0,Los Angeles,Lakers,LAL,0,0,,,,,,0,0,,,,,,1
0022100511,671,2,79,4,10:29 PM,0:37,MISS Porter Jr. 26' 3PT Pullup Jump Shot,,,,,4,1629645,Kevin Porter Jr.,1610612745.0,Houston,Rockets,HOU,0,0,,,,,,0,0,,,,,,1
0022100511,672,4,0,4,10:29 PM,0:36,,,Westbrook REBOUND (Off:4 Def:9),,,5,201566,Russell Westbrook,1610612747.0,Los Angeles,Lakers,LAL,0,0,,,,,,0,0,,,,,,1
0022100511,673,6,28,4,10:29 PM,0:35,Brooks Personal Take Foul (P3.PN) (B.Adair),,,,,4,1629717,Armoni Brooks,1610612745.0,Houston,Rockets,HOU,5,2544,LeBron James,1610612747.0,Los Angeles,Lakers,LAL,1,0,,,,,,1
0022100511,675,3,11,4,10:29 PM,0:35,,,James Free Throw 1 of 2 (31 PTS),129 - 121,-8,5,2544,LeBron James,1610612747.0,Los Angeles,Lakers,LAL,0,0,,,,,,0,0,,,,,,1
0022100511,676,3,12,4,10:30 PM,0:35,,,James Free Throw 2 of 2 (32 PTS),130 - 121,-9,5,2544,LeBron James,1610612747.0,Los Angeles,Lakers,LAL,0,0,,,,,,0,0,,,,,,1
0022100511,677,1,75,4,10:30 PM,0:27,Green 1' Driving Finger Roll Layup (24 PTS),,,130 - 123,-7,4,1630224,Jalen Green,1610612745.0,Houston,Rockets,HOU,0,0,,,,,,0,0,,,,,,1
0022100511,678,6,28,4,10:30 PM,0:23,Porter Jr. Personal Take Foul (P5.PN) (B.Adair),,,,,4,1629645,Kevin Porter Jr.,1610612745.0,Houston,Rockets,HOU,5,201566,Russell Westbrook,1610612747.0,Los Angeles,Lakers,LAL,1,0,,,,,,1
0022100511,680,3,11,4,10:30 PM,0:23,,,Westbrook Free Throw 1 of 2 (23 PTS),131 - 123,-8,5,201566,Russell Westbrook,1610612747.0,Los Angeles,Lakers,LAL,0,0,,,,,,0,0,,,,,,1
0022100511,681,3,12,4,10:30 PM,0:23,,,Westbrook Free Throw 2 of 2 (24 PTS),132 - 123,-9,5,201566,Russell Westbrook,1610612747.0,Los Angeles,Lakers,LAL,0,0,,,,,,0,0,,,,,,1
0022100511,682,2,79,4,10:31 PM,0:19,MISS Green 27' 3PT Pullup Jump Shot,,,,,4,1630224,Jalen Green,1610612745.0,Houston,Rockets,HOU,0,0,,,,,,0,0,,,,,,1
0022100511,683,4,0,4,10:31 PM,0:17,,,James REBOUND (Off:4 Def:6),,,5,2544,LeBron James,1610612747.0,Los Angeles,Lakers,LAL,0,0,,,,,,0,0,,,,,,1
0022100511,684,13,0,4,10:31 PM,0:00,,End of 4th Period (10:31 PM EST),,132 - 123,-9,0,0,,,,,,0,0,,,,,,0,0,,,,,,1
