GAME_ID,EVENTNUM,EVENTMSGTYPE,EVENTMSGACTIONTYPE,PERIOD,WCTIMESTRING,PCTIMESTRING,HOMEDESCRIPTION,NEUTRALDESCRIPTION,VISITORDESCRIPTION,SCORE,SCOREMARGIN,PERSON1TYPE,PLAYER1_ID,PLAYER1_NAME,PLAYER1_TEAM_ID,PLAYER1_TEAM_CITY,PLAYER1_TEAM_NICKNAME,PLAYER1_TEAM_ABBREVIATION,PERSON2TYPE,PLAYER2_ID,PLAYER2_NAME,PLAYER2_TEAM_ID,PLAYER2_TEAM_CITY,PLAYER2_TEAM_NICKNAME,PLAYER2_TEAM_ABBREVIATION,PERSON3TYPE,PLAYER3_ID,PLAYER3_NAME,PLAYER3_TEAM_ID,PLAYER3_TEAM_CITY,PLAYER3_TEAM_NICKNAME,PLAYER3_TEAM_ABBREVIATION,VIDEO_AVAILABLE_FLAG
0022300104,2,12,0,1,7:41 PM,12:00,,Start of 1st Period (7:41 PM EST),,,,0,0,,,,,,0,0,,,,,,0,0,,,,,,0
0022300104,4,10,0,1,7:41 PM,12:00,Jump Ball Capela vs. Gobert: Tip to Johnson,,,,,4,203991,Clint Capela,1610612737.0,Atlanta,Hawks,ATL,5,203497,Rudy Gobert,1610612750.0,Minnesota,Timberwolves,MIN,4,1630552,Jalen Johnson,1610612737.0,Atlanta,Hawks,ATL,1
0022300104,7,1,101,1,7:41 PM,11:47,Young 11' Driving Floating Jump Shot (2 PTS),,,0 - 2,2,4,1629027,Trae Young,1610612737.0,Atlanta,Hawks,ATL,0,0,,,,,,0,0,,,,,,1
0022300104,8,2,58,1,7:41 PM,11:27,,,MISS Gobert 8' Turnaround Hook Shot,,,5,203497,Rudy Gobert,1610612750.0,Minnesota,Timberwolves,MIN,0,0,,,,,,0,0,,,,,,1
0022300104,9,4,0,1,7:41 PM,11:25,Capela REBOUND (Off:0 Def:1),,,,,4,203991,Clint Capela,1610612737.0,Atlanta,Hawks,ATL,0,0,,,,,,0,0,,,,,,1
0022300104,10,2,79,1,7:42 PM,11:09,MISS Murray 24' 3PT Pullup Jump Shot,,,,,4,1627749,Dejounte Murray,1610612737.0,Atlanta,Hawks,ATL,0,0,,,,,,0,0,,,,,,1
0022300104,11,4,0,1,7:42 PM,11:07,Johnson REBOUND (Off:1 Def:0),,,,,4,1630552,Jalen Johnson,1610612737.0,Atlanta,Hawks,ATL,0,0,,,,,,0,0,,,,,,1
0022300104,12,1,1,1,7:42 PM,10:58,Johnson 25' 3PT Jump Shot (3 PTS) (Young 1 AST),,,0 - 5,5,4,1630552,Jalen Johnson,1610612737.0,Atlanta,Hawks,ATL,4,1629027,Trae Young,1610612737.0,Atlanta,Hawks,ATL,0,0,,,,,,1
0022300104,14,1,1,1,7:42 PM,10:42,,,McDaniels 24' 3PT Jump Shot (3 PTS) (Towns 1 AST),3 - 5,2,5,1630183,Jaden McDaniels,1610612750.0,Minnesota,Timberwolves,MIN,5,1626157,Karl-Anthony Towns,1610612750.0,Minnesota,Timberwolves,MIN,0,0,,,,,,1
0022300104,16,1,79,1,7:42 PM,10:24,Hunter 24' 3PT Pullup Jump Shot (3 PTS),,,3 - 8,5,4,1629631,De'Andre Hunter,1610612737.0,Atlanta,Hawks,ATL,0,0,,,,,,0,0,,,,,,1
0022300104,17,6,2,1,7:43 PM,10:12,Johnson S.FOUL (P1.T1) (I.Hwang),,,,,4,1630552,Jalen Johnson,1610612737.0,Atlanta,Hawks,ATL,5,203497,Rudy Gobert,1610612750.0,Minnesota,Timberwolves,MIN,1,0,,,,,,1
0022300104,19,3,11,1,7:43 PM,10:12,,,Gobert Free Throw 1 of 2 (1 PTS),4 - 8,4,5,203497,Rudy Gobert,1610612750.0,Minnesota,Timberwolves,MIN,0,0,,,,,,0,0,,,,,,1
0022300104,20,3,12,1,7:43 PM,10:12,,,Gobert Free Throw 2 of 2 (2 PTS),5 - 8,3,5,203497,Rudy Gobert,1610612750.0,Minnesota,Timberwolves,MIN,0,0,,,,,,0,0,,,,,,1
0022300104,21,1,102,1,7:44 PM,9:54,Murray 3' Driving Floating Bank Jump Shot (2 PTS) (Johnson 1 AST),,,5 - 10,5,4,1627749,Dejounte Murray,1610612737.0,Atlanta,Hawks,ATL,4,1630552,Jalen Johnson,1610612737.0,Atlanta,Hawks,ATL,0,0,,,,,,1
0022300104,23,1,86,1,7:44 PM,9:40,,,Towns 12' Turnaround Fadeaway (2 PTS),7 - 10,3,5,1626157,Karl-Anthony Towns,1610612750.0,Minnesota,Timberwolves,MIN,0,0,,,,,,0,0,,,,,,1
0022300104,24,1,79,1,7:44 PM,9:23,Murray 17' Pullup Jump Shot (4 PTS),,,7 - 12,5,4,1627749,Dejounte Murray,1610612737.0,Atlanta,Hawks,ATL,0,0,,,,,,0,0,,,,,,1
0022300104,25,1,1,1,7:45 PM,9:05,,,Edwards 25' 3PT Jump Shot (3 PTS) (Conley 1 AST),10 - 12,2,5,1630162,Anthony Edwards,1610612750.0,Minnesota,Timberwolves,MIN,5,201144,Mike Conley,1610612750.0,Minnesota,Timberwolves,MIN,0,0,,,,,,1
0022300104,27,2,47,1,7:45 PM,8:50,MISS Hunter 11' Turnaround Jump Shot,,,,,4,1629631,De'Andre Hunter,1610612737.0,Atlanta,Hawks,ATL,0,0,,,,,,0,0,,,,,,1
0022300104,28,4,0,1,7:45 PM,8:47,,,McDaniels REBOUND (Off:0 Def:1),,,5,1630183,Jaden McDaniels,1610612750.0,Minnesota,Timberwolves,MIN,0,0,,,,,,0,0,,,,,,1
0022300104,29,1,1,1,7:45 PM,8:41,,,McDaniels 25' 3PT Jump Shot (6 PTS) (Edwards 1 AST),13 - 12,-1,5,1630183,Jaden McDaniels,1610612750.0,Minnesota,Timberwolves,MIN,5,1630162,Anthony Edwards,1610612750.0,Minnesota,Timberwolves,MIN,0,0,,,,,,1
0022300104,31,2,1,1,7:45 PM,8:28,MISS Johnson 25' 3PT Jump Shot,,,,,4,1630552,Jalen Johnson,1610612737.0,Atlanta,Hawks,ATL,0,0,,,,,,0,0,,,,,,1
0022300104,32,4,0,1,7:45 PM,8:25,,,Gobert REBOUND (Off:0 Def:1),,,5,203497,Rudy Gobert,1610612750.0,Minnesota,Timberwolves,MIN,0,0,,,,,,0,0,,,,,,1
0022300104,33,2,1,1,7:45 PM,8:10,,,MISS Conley 25' 3PT Jump Shot,,,5,201144,Mike Conley,1610612750.0,Minnesota,Timberwolves,MIN,0,0,,,,,,0,0,,,,,,1
0022300104,34,4,0,1,7:45 PM,8:07,Capela REBOUND (Off:0 Def:2),,,,,4,203991,Clint Capela,1610612737.0,Atlanta,Hawks,ATL,0,0,,,,,,0,0,,,,,,1
0022300104,35,5,1,1,7:46 PM,7:59,Murray Bad Pass Turnover (P1.T1),,Edwards STEAL (1 STL),,,4,1627749,Dejounte Murray,1610612737.0,Atlanta,Hawks,ATL,5,1630162,Anthony Edwards,1610612750.0,Minnesota,Timberwolves,MIN,0,0,,,,,,1
0022300104,37,1,50,1,7:46 PM,7:55,,,McDaniels 1' Running Dunk (8 PTS) (Edwards 2 AST),15 - 12,-3,5,1630183,Jaden McDaniels,1610612750.0,Minnesota,Timberwolves,MIN,5,1630162,Anthony Edwards,1610612750.0,Minnesota,Timberwolves,MIN,0,0,,,,,,1
0022300104,39,2,1,1,7:46 PM,7:33,MISS Hunter 26' 3PT Jump Shot,,,,,4,1629631,De'Andre Hunter,1610612737.0,Atlanta,Hawks,ATL,0,0,,,,,,0,0,,,,,,1
0022300104,40,4,0,1,7:46 PM,7:32,,,Timberwolves Rebound,,,3,1610612750,,,,,,0,0,,,,,,0,0,,,,,,1
0022300104,42,1,58,1,7:46 PM,7:17,,,Towns 6' Turnaround Hook Shot (4 PTS),17 - 12,-5,5,1626157,Karl-Anthony Towns,1610612750.0,Minnesota,Timberwolves,MIN,0,0,,,,,,0,0,,,,,,1
0022300104,45,9,1,1,7:47 PM,7:09,HAWKS Timeout: Regular (Full 1 Short 0),,,,,2,1610612737,,,,,,0,0,,,,,,0,0,,,,,,0
0022300104,46,8,0,1,7:49 PM,7:09,SUB: Bogdanovic FOR Young,,,,,4,1629027,Trae Young,1610612737.0,Atlanta,Hawks,ATL,4,203992,Bogdan Bogdanović,1610612737.0,Atlanta,Hawks,ATL,0,0,,,,,,0
0022300104,48,1,79,1,7:50 PM,6:59,Murray 25' 3PT Pullup Jump Shot (7 PTS),,,17 - 15,-2,4,1627749,Dejounte Murray,1610612737.0,Atlanta,Hawks,ATL,0,0,,,,,,0,0,,,,,,1
0022300104,49,1,1,1,7:50 PM,6:44,,,Conley 25' 3PT Jump Shot (3 PTS) (Edwards 3 AST),20 - 15,-5,5,201144,Mike Conley,1610612750.0,Minnesota,Timberwolves,MIN,5,1630162,Anthony Edwards,1610612750.0,Minnesota,Timberwolves,MIN,0,0,,,,,,1
0022300104,51,1,101,1,7:50 PM,6:31,Johnson 8' Driving Floating Jump Shot (5 PTS) (Capela 1 AST),,,20 - 17,-3,4,1630552,Jalen Johnson,1610612737.0,Atlanta,Hawks,ATL,4,203991,Clint Capela,1610612737.0,Atlanta,Hawks,ATL,0,0,,,,,,1
0022300104,53,6,2,1,7:51 PM,6:31,,,Towns S.FOUL (P1.T1) (S.Wright),,,5,1626157,Karl-Anthony Towns,1610612750.0,Minnesota,Timberwolves,MIN,4,1630552,Jalen Johnson,1610612737.0,Atlanta,Hawks,ATL,1,0,,,,,,1
0022300104,55,8,0,1,7:51 PM,6:31,,,SUB: Anderson FOR McDaniels,,,5,1630183,Jaden McDaniels,1610612750.0,Minnesota,Timberwolves,MIN,5,203937,Kyle Anderson,1610612750.0,Minnesota,Timberwolves,MIN,0,0,,,,,,0
0022300104,57,3,10,1,7:51 PM,6:31,Johnson Free Throw 1 of 1 (6 PTS),,,20 - 18,-2,4,1630552,Jalen Johnson,1610612737.0,Atlanta,Hawks,ATL,0,0,,,,,,0,0,,,,,,0
0022300104,58,2,5,1,7:51 PM,6:09,Capela BLOCK (1 BLK),,MISS Gobert 5' Layup,,,5,203497,Rudy Gobert,1610612750.0,Minnesota,Timberwolves,MIN,0,0,,,,,,4,203991,Clint Capela,1610612737.0,Atlanta,Hawks,ATL,1
0022300104,60,4,0,1,7:51 PM,6:07,,,Gobert REBOUND (Off:1 Def:1),,,5,203497,Rudy Gobert,1610612750.0,Minnesota,Timberwolves,MIN,0,0,,,,,,0,0,,,,,,1
0022300104,61,5,11,1,7:51 PM,6:07,,,Timberwolves Turnover: Shot Clock (T#1),,,3,1610612750,,,,,,0,0,,,,,,1,0,,,,,,1
0022300104,62,2,5,1,7:52 PM,5:51,MISS Capela 2' Layup,,Gobert BLOCK (1 BLK),,,4,203991,Clint Capela,1610612737.0,Atlanta,Hawks,ATL,0,0,,,,,,5,203497,Rudy Gobert,1610612750.0,Minnesota,Timberwolves,MIN,1
0022300104,64,4,0,1,7:52 PM,5:48,,,Anderson REBOUND (Off:0 Def:1),,,5,203937,Kyle Anderson,1610612750.0,Minnesota,Timberwolves,MIN,0,0,,,,,,0,0,,,,,,1
0022300104,65,1,2,1,7:52 PM,5:45,,,Edwards 3PT Running Jump Shot (6 PTS) (Conley 2 AST),23 - 18,-5,5,1630162,Anthony Edwards,1610612750.0,Minnesota,Timberwolves,MIN,5,201144,Mike Conley,1610612750.0,Minnesota,Timberwolves,MIN,0,0,,,,,,1
0022300104,67,6,1,1,7:52 PM,5:33,,,Edwards P.FOUL (P1.T2) (S.Wright),,,5,1630162,Anthony Edwards,1610612750.0,Minnesota,Timberwolves,MIN,4,1627749,Dejounte Murray,1610612737.0,Atlanta,Hawks,ATL,1,0,,,,,,1
0022300104,69,8,0,1,7:52 PM,5:33,SUB: Bey FOR Johnson,,,,,4,1630552,Jalen Johnson,1610612737.0,Atlanta,Hawks,ATL,4,1630180,Saddiq Bey,1610612737.0,Atlanta,Hawks,ATL,0,0,,,,,,0
0022300104,70,8,0,1,7:52 PM,5:33,,,SUB: Reid FOR Conley,,,5,201144,Mike Conley,1610612750.0,Minnesota,Timberwolves,MIN,5,1629675,Naz Reid,1610612750.0,Minnesota,Timberwolves,MIN,0,0,,,,,,0
0022300104,71,8,0,1,7:52 PM,5:33,,,SUB: Alexander-Walker FOR Gobert,,,5,203497,Rudy Gobert,1610612750.0,Minnesota,Timberwolves,MIN,5,1629638,Nickeil Alexander-Walker,1610612750.0,Minnesota,Timberwolves,MIN,0,0,,,,,,0
0022300104,75,1,1,1,7:53 PM,5:23,Bogdanovic 19' Jump Shot (2 PTS) (Hunter 1 AST),,,23 - 20,-3,4,203992,Bogdan Bogdanović,1610612737.0,Atlanta,Hawks,ATL,4,1629631,De'Andre Hunter,1610612737.0,Atlanta,Hawks,ATL,0,0,,,,,,1
0022300104,77,2,73,1,7:53 PM,5:09,,,MISS Towns 2' Driving Reverse Layup,,,5,1626157,Karl-Anthony Towns,1610612750.0,Minnesota,Timberwolves,MIN,0,0,,,,,,0,0,,,,,,1
0022300104,78,4,0,1,7:53 PM,5:06,Capela REBOUND (Off:0 Def:3),,,,,4,203991,Clint Capela,1610612737.0,Atlanta,Hawks,ATL,0,0,,,,,,0,0,,,,,,1
0022300104,79,2,41,1,7:53 PM,5:02,MISS Hunter 1' Running Layup,,,,,4,1629631,De'Andre Hunter,1610612737.0,Atlanta,Hawks,ATL,0,0,,,,,,0,0,,,,,,1
0022300104,80,4,0,1,7:53 PM,5:02,HAWKS Rebound,,,,,2,1610612737,,,,,,0,0,,,,,,0,0,,,,,,1
0022300104,82,8,0,1,7:53 PM,5:01,SUB: Griffin FOR Hunter,,,,,4,1629631,De'Andre Hunter,1610612737.0,Atlanta,Hawks,ATL,4,1631100,AJ Griffin,1610612737.0,Atlanta,Hawks,ATL,0,0,,,,,,0
0022300104,83,8,0,1,7:53 PM,5:01,SUB: Okongwu FOR Capela,,,,,4,203991,Clint Capela,1610612737.0,Atlanta,Hawks,ATL,4,1630168,Onyeka Okongwu,1610612737.0,Atlanta,Hawks,ATL,0,0,,,,,,0
0022300104,86,2,80,1,7:54 PM,4:49,MISS Murray 12' Step Back Jump Shot,,,,,4,1627749,Dejounte Murray,1610612737.0,Atlanta,Hawks,ATL,0,0,,,,,,0,0,,,,,,1
0022300104,87,4,0,1,7:54 PM,4:45,,,Towns REBOUND (Off:0 Def:1),,,5,1626157,Karl-Anthony Towns,1610612750.0,Minnesota,Timberwolves,MIN,0,0,,,,,,0,0,,,,,,1
0022300104,88,2,79,1,7:54 PM,4:33,,,MISS Edwards 26' 3PT Pullup Jump Shot,,,5,1630162,Anthony Edwards,1610612750.0,Minnesota,Timberwolves,MIN,0,0,,,,,,0,0,,,,,,1
0022300104,89,4,0,1,7:54 PM,4:30,Okongwu REBOUND (Off:0 Def:1),,,,,4,1630168,Onyeka Okongwu,1610612737.0,Atlanta,Hawks,ATL,0,0,,,,,,0,0,,,,,,1
0022300104,90,1,1,1,7:54 PM,4:21,Griffin 24' 3PT Jump Shot (3 PTS) (Bogdanovic 1 AST),,,23 - 23,TIE,4,1631100,AJ Griffin,1610612737.0,Atlanta,Hawks,ATL,4,203992,Bogdan Bogdanović,1610612737.0,Atlanta,Hawks,ATL,0,0,,,,,,1
0022300104,92,1,1,1,7:54 PM,4:05,,,Reid 25' 3PT Jump Shot (3 PTS) (Edwards 4 AST),26 - 23,-3,5,1629675,Naz Reid,1610612750.0,Minnesota,Timberwolves,MIN,5,1630162,Anthony Edwards,1610612750.0,Minnesota,Timberwolves,MIN,0,0,,,,,,1
0022300104,94,1,6,1,7:55 PM,3:46,Murray 1' Driving Layup (9 PTS) (Bogdanovic 2 AST),,,26 - 25,-1,4,1627749,Dejounte Murray,1610612737.0,Atlanta,Hawks,ATL,4,203992,Bogdan Bogdanović,1610612737.0,Atlanta,Hawks,ATL,0,0,,,,,,1
0022300104,96,2,1,1,7:55 PM,3:23,,,MISS Anderson 25' 3PT Jump Shot,,,5,203937,Kyle Anderson,1610612750.0,Minnesota,Timberwolves,MIN,0,0,,,,,,0,0,,,,,,1
0022300104,97,4,0,1,7:55 PM,3:19,Bogdanovic REBOUND (Off:0 Def:1),,,,,4,203992,Bogdan Bogdanović,1610612737.0,Atlanta,Hawks,ATL,0,0,,,,,,0,0,,,,,,1
0022300104,98,2,41,1,7:55 PM,3:14,MISS Murray 1' Running Layup,,,,,4,1627749,Dejounte Murray,1610612737.0,Atlanta,Hawks,ATL,0,0,,,,,,0,0,,,,,,1
0022300104,99,4,0,1,7:55 PM,3:11,,,Towns REBOUND (Off:0 Def:2),,,5,1626157,Karl-Anthony Towns,1610612750.0,Minnesota,Timberwolves,MIN,0,0,,,,,,0,0,,,,,,1
0022300104,100,1,2,1,7:55 PM,3:06,,,Reid 3PT Running Jump Shot (6 PTS) (Edwards 5 AST),29 - 25,-4,5,1629675,Naz Reid,1610612750.0,Minnesota,Timberwolves,MIN,5,1630162,Anthony Edwards,1610612750.0,Minnesota,Timberwolves,MIN,0,0,,,,,,1
0022300104,102,1,1,1,7:56 PM,2:51,Bey 25' 3PT Jump Shot (3 PTS) (Okongwu 1 AST),,,29 - 28,-1,4,1630180,Saddiq Bey,1610612737.0,Atlanta,Hawks,ATL,4,1630168,Onyeka Okongwu,1610612737.0,Atlanta,Hawks,ATL,0,0,,,,,,1
0022300104,104,9,1,1,7:56 PM,2:48,,,Timberwolves Timeout: Regular (Reg.1 Short 0),,,3,1610612750,,,,,,0,0,,,,,,0,0,,,,,,0
0022300104,130,18,7,1,7:57 PM,2:48,,Instant Replay1st Period (7:57 PM EST),,29 - 28,-1,0,75,,,,,,0,0,,,,,,1,0,,,,,,0
0022300104,105,8,0,1,7:58 PM,2:48,SUB: Young FOR Murray,,,,,4,1627749,Dejounte Murray,1610612737.0,Atlanta,Hawks,ATL,4,1629027,Trae Young,1610612737.0,Atlanta,Hawks,ATL,0,0,,,,,,0
0022300104,106,8,0,1,7:58 PM,2:48,,,SUB: Milton FOR Towns,,,5,1626157,Karl-Anthony Towns,1610612750.0,Minnesota,Timberwolves,MIN,5,1629003,Shake Milton,1610612750.0,Minnesota,Timberwolves,MIN,0,0,,,,,,0
0022300104,109,1,73,1,7:59 PM,2:33,,,Edwards 2' Driving Reverse Layup (8 PTS),31 - 28,-3,5,1630162,Anthony Edwards,1610612750.0,Minnesota,Timberwolves,MIN,0,0,,,,,,0,0,,,,,,1
0022300104,110,2,1,1,7:59 PM,2:27,MISS Bogdanovic 25' 3PT Jump Shot,,,,,4,203992,Bogdan Bogdanović,1610612737.0,Atlanta,Hawks,ATL,0,0,,,,,,0,0,,,,,,1
0022300104,111,4,0,1,7:59 PM,2:27,,,Edwards REBOUND (Off:0 Def:1),,,5,1630162,Anthony Edwards,1610612750.0,Minnesota,Timberwolves,MIN,0,0,,,,,,0,0,,,,,,1
0022300104,112,1,44,1,7:59 PM,2:12,,,Anderson 1' Reverse Layup (2 PTS) (Milton 1 AST),33 - 28,-5,5,203937,Kyle Anderson,1610612750.0,Minnesota,Timberwolves,MIN,5,1629003,Shake Milton,1610612750.0,Minnesota,Timberwolves,MIN,0,0,,,,,,1
0022300104,114,1,1,1,8:00 PM,1:48,Bey 24' 3PT Jump Shot (6 PTS) (Griffin 1 AST),,,33 - 31,-2,4,1630180,Saddiq Bey,1610612737.0,Atlanta,Hawks,ATL,4,1631100,AJ Griffin,1610612737.0,Atlanta,Hawks,ATL,0,0,,,,,,1
0022300104,116,1,79,1,8:00 PM,1:29,,,Edwards 26' 3PT Pullup Jump Shot (11 PTS),36 - 31,-5,5,1630162,Anthony Edwards,1610612750.0,Minnesota,Timberwolves,MIN,0,0,,,,,,0,0,,,,,,1
0022300104,117,1,102,1,8:00 PM,1:18,Young 5' Driving Floating Bank Jump Shot (4 PTS),,,36 - 33,-3,4,1629027,Trae Young,1610612737.0,Atlanta,Hawks,ATL,0,0,,,,,,0,0,,,,,,1
0022300104,118,1,1,1,8:00 PM,1:01,,,Reid 26' 3PT Jump Shot (9 PTS) (Alexander-Walker 1 AST),39 - 33,-6,5,1629675,Naz Reid,1610612750.0,Minnesota,Timberwolves,MIN,5,1629638,Nickeil Alexander-Walker,1610612750.0,Minnesota,Timberwolves,MIN,0,0,,,,,,1
0022300104,120,1,6,1,8:01 PM,0:50,Bey 4' Driving Layup (8 PTS),,,39 - 35,-4,4,1630180,Saddiq Bey,1610612737.0,Atlanta,Hawks,ATL,0,0,,,,,,0,0,,,,,,1
0022300104,121,1,79,1,8:01 PM,0:34,,,Edwards 25' 3PT Pullup Jump Shot (14 PTS),42 - 35,-7,5,1630162,Anthony Edwards,1610612750.0,Minnesota,Timberwolves,MIN,0,0,,,,,,0,0,,,,,,1
0022300104,122,6,1,1,8:01 PM,0:30,,,Edwards P.FOUL (P2.T3) (I.Hwang),,,5,1630162,Anthony Edwards,1610612750.0,Minnesota,Timberwolves,MIN,4,1629027,Trae Young,1610612737.0,Atlanta,Hawks,ATL,1,0,,,,,,1
0022300104,124,2,1,1,8:02 PM,0:14,MISS Bogdanovic 26' 3PT Jump Shot,,,,,4,203992,Bogdan Bogdanović,1610612737.0,Atlanta,Hawks,ATL,0,0,,,,,,0,0,,,,,,1
0022300104,125,4,0,1,8:02 PM,0:12,,,Timberwolves Rebound,,,3,1610612750,,,,,,0,0,,,,,,0,0,,,,,,1
0022300104,127,2,80,1,8:02 PM,0:00,,,MISS Alexander-Walker 24' 3PT Step Back Jump Shot,,,5,1629638,Nickeil Alexander-Walker,1610612750.0,Minnesota,Timberwolves,MIN,0,0,,,,,,0,0,,,,,,1
0022300104,128,4,0,1,8:02 PM,0:00,,,Timberwolves Rebound,,,3,1610612750,,,,,,0,0,,,,,,0,0,,,,,,1
0022300104,129,13,0,1,8:02 PM,0:00,,End of 1st Period (8:02 PM EST),,42 - 35,-7,0,0,,,,,,0,0,,,,,,0,0,,,,,,1
0022300104,135,12,0,2,8:05 PM,12:00,,Start of 2nd Period (8:05 PM EST),,42 - 35,-7,0,0,,,,,,0,0,,,,,,0,0,,,,,,0
0022300104,136,5,40,2,8:05 PM,11:44,,,Alexander-Walker Out of Bounds Lost Ball Turnover (P1.T2),,,5,1629638,Nickeil Alexander-Walker,1610612750.0,Minnesota,Timberwolves,MIN,0,0,,,,,,1,0,,,,,,1
0022300104,137,6,2,2,8:06 PM,11:28,,,Reid S.FOUL (P1.T1) (I.Hwang),,,5,1629675,Naz Reid,1610612750.0,Minnesota,Timberwolves,MIN,4,1630168,Onyeka Okongwu,1610612737.0,Atlanta,Hawks,ATL,1,0,,,,,,1
0022300104,139,3,11,2,8:06 PM,11:28,Okongwu Free Throw 1 of 2 (1 PTS),,,42 - 36,-6,4,1630168,Onyeka Okongwu,1610612737.0,Atlanta,Hawks,ATL,0,0,,,,,,0,0,,,,,,1
0022300104,140,3,12,2,8:06 PM,11:28,Okongwu Free Throw 2 of 2 (2 PTS),,,42 - 37,-5,4,1630168,Onyeka Okongwu,1610612737.0,Atlanta,Hawks,ATL,0,0,,,,,,0,0,,,,,,0
0022300104,141,2,101,2,8:07 PM,11:14,,,MISS Milton 11' Driving Floating Jump Shot,,,5,1629003,Shake Milton,1610612750.0,Minnesota,Timberwolves,MIN,0,0,,,,,,0,0,,,,,,1
0022300104,142,4,0,2,8:07 PM,11:13,,,Gobert REBOUND (Off:2 Def:1),,,5,203497,Rudy Gobert,1610612750.0,Minnesota,Timberwolves,MIN,0,0,,,,,,0,0,,,,,,1
0022300104,143,2,87,2,8:07 PM,11:12,,,MISS Gobert Putback Dunk,,,5,203497,Rudy Gobert,1610612750.0,Minnesota,Timberwolves,MIN,0,0,,,,,,0,0,,,,,,1
0022300104,144,4,0,2,8:07 PM,11:11,Bey REBOUND (Off:0 Def:1),,,,,4,1630180,Saddiq Bey,1610612737.0,Atlanta,Hawks,ATL,0,0,,,,,,0,0,,,,,,1
0022300104,145,6,1,2,8:07 PM,11:11,,,Milton P.FOUL (P1.T2) (N.Buchert),,,5,1629003,Shake Milton,1610612750.0,Minnesota,Timberwolves,MIN,4,1630180,Saddiq Bey,1610612737.0,Atlanta,Hawks,ATL,1,0,,,,,,0
0022300104,147,6,11,2,8:07 PM,11:11,,,Gobert T.FOUL (P0.T2) (I.Hwang),,,5,203497,Rudy Gobert,1610612750.0,Minnesota,Timberwolves,MIN,0,0,,,,,,1,0,,,,,,1
0022300104,148,3,16,2,8:07 PM,11:11,Young Free Throw Technical (5 PTS),,,42 - 38,-4,4,1629027,Trae Young,1610612737.0,Atlanta,Hawks,ATL,0,0,,,,,,0,0,,,,,,0
0022300104,149,2,101,2,8:08 PM,11:00,MISS Young 12' Driving Floating Jump Shot,,,,,4,1629027,Trae Young,1610612737.0,Atlanta,Hawks,ATL,0,0,,,,,,0,0,,,,,,1
0022300104,150,4,0,2,8:08 PM,10:56,,,Gobert REBOUND (Off:2 Def:2),,,5,203497,Rudy Gobert,1610612750.0,Minnesota,Timberwolves,MIN,0,0,,,,,,0,0,,,,,,1
0022300104,151,6,2,2,8:08 PM,10:52,Bogdanovic S.FOUL (P1.T1) (N.Buchert),,,,,4,203992,Bogdan Bogdanović,1610612737.0,Atlanta,Hawks,ATL,5,1629638,Nickeil Alexander-Walker,1610612750.0,Minnesota,Timberwolves,MIN,1,0,,,,,,1
0022300104,153,3,11,2,8:08 PM,10:52,,,MISS Alexander-Walker Free Throw 1 of 2,,,5,1629638,Nickeil Alexander-Walker,1610612750.0,Minnesota,Timberwolves,MIN,0,0,,,,,,0,0,,,,,,0
0022300104,154,4,1,2,8:08 PM,10:52,,,Timberwolves Rebound,,,3,1610612750,,,,,,0,0,,,,,,0,0,,,,,,0
0022300104,157,3,12,2,8:08 PM,10:52,,,MISS Alexander-Walker Free Throw 2 of 2,,,5,1629638,Nickeil Alexander-Walker,1610612750.0,Minnesota,Timberwolves,MIN,0,0,,,,,,0,0,,,,,,1
0022300104,155,8,0,2,8:08 PM,10:52,,,SUB: Conley FOR Anderson,,,5,203937,Kyle Anderson,1610612750.0,Minnesota,Timberwolves,MIN,5,201144,Mike Conley,1610612750.0,Minnesota,Timberwolves,MIN,0,0,,,,,,0
0022300104,158,4,0,2,8:08 PM,10:49,Johnson REBOUND (Off:1 Def:1),,,,,4,1630552,Jalen Johnson,1610612737.0,Atlanta,Hawks,ATL,0,0,,,,,,0,0,,,,,,1
0022300104,159,6,1,2,8:09 PM,10:43,,,Conley P.FOUL (P1.T3) (S.Wright),,,5,201144,Mike Conley,1610612750.0,Minnesota,Timberwolves,MIN,4,1629027,Trae Young,1610612737.0,Atlanta,Hawks,ATL,1,0,,,,,,1
0022300104,161,8,0,2,8:09 PM,10:43,,,SUB: McDaniels FOR Alexander-Walker,,,5,1629638,Nickeil Alexander-Walker,1610612750.0,Minnesota,Timberwolves,MIN,5,1630183,Jaden McDaniels,1610612750.0,Minnesota,Timberwolves,MIN,0,0,,,,,,0
0022300104,163,6,1,2,8:09 PM,10:39,,,McDaniels P.FOUL (P1.T4) (N.Buchert),,,5,1630183,Jaden McDaniels,1610612750.0,Minnesota,Timberwolves,MIN,4,1629027,Trae Young,1610612737.0,Atlanta,Hawks,ATL,1,0,,,,,,1
0022300104,165,2,1,2,8:10 PM,10:31,MISS Bogdanovic 25' 3PT Jump Shot,,,,,4,203992,Bogdan Bogdanović,1610612737.0,Atlanta,Hawks,ATL,0,0,,,,,,0,0,,,,,,1
0022300104,166,4,0,2,8:10 PM,10:28,,,McDaniels REBOUND (Off:0 Def:2),,,5,1630183,Jaden McDaniels,1610612750.0,Minnesota,Timberwolves,MIN,0,0,,,,,,0,0,,,,,,1
0022300104,167,1,6,2,8:10 PM,10:19,,,Reid 2' Driving Layup (11 PTS) (McDaniels 1 AST),44 - 38,-6,5,1629675,Naz Reid,1610612750.0,Minnesota,Timberwolves,MIN,5,1630183,Jaden McDaniels,1610612750.0,Minnesota,Timberwolves,MIN,0,0,,,,,,1
0022300104,169,2,73,2,8:10 PM,9:59,MISS Bey 2' Driving Reverse Layup,,,,,4,1630180,Saddiq Bey,1610612737.0,Atlanta,Hawks,ATL,0,0,,,,,,0,0,,,,,,1
0022300104,170,4,0,2,8:10 PM,9:57,,,Milton REBOUND (Off:0 Def:1),,,5,1629003,Shake Milton,1610612750.0,Minnesota,Timberwolves,MIN,0,0,,,,,,0,0,,,,,,1
0022300104,171,1,41,2,8:10 PM,9:54,,,Milton 2' Running Layup (2 PTS),46 - 38,-8,5,1629003,Shake Milton,1610612750.0,Minnesota,Timberwolves,MIN,0,0,,,,,,0,0,,,,,,1
0022300104,172,1,1,2,8:10 PM,9:40,Bogdanovic 24' 3PT Jump Shot (5 PTS) (Young 2 AST),,,46 - 41,-5,4,203992,Bogdan Bogdanović,1610612737.0,Atlanta,Hawks,ATL,4,1629027,Trae Young,1610612737.0,Atlanta,Hawks,ATL,0,0,,,,,,1
0022300104,174,2,43,2,8:11 PM,9:15,,,MISS Gobert 1' Alley Oop Layup,,,5,203497,Rudy Gobert,1610612750.0,Minnesota,Timberwolves,MIN,0,0,,,,,,0,0,,,,,,1
0022300104,175,4,0,2,8:11 PM,9:15,,,Gobert REBOUND (Off:3 Def:2),,,5,203497,Rudy Gobert,1610612750.0,Minnesota,Timberwolves,MIN,0,0,,,,,,0,0,,,,,,1
0022300104,176,1,87,2,8:11 PM,9:12,,,Gobert Putback Dunk (4 PTS),48 - 41,-7,5,203497,Rudy Gobert,1610612750.0,Minnesota,Timberwolves,MIN,0,0,,,,,,0,0,,,,,,1
0022300104,177,6,13,2,8:11 PM,9:12,,,Gobert HANGING.TECH.FOUL (P0.T4) (N.Buchert),,,5,203497,Rudy Gobert,1610612750.0,Minnesota,Timberwolves,MIN,0,0,,,,,,1,0,,,,,,1
0022300104,178,3,16,2,8:11 PM,9:12,Young Free Throw Technical (6 PTS),,,48 - 42,-6,4,1629027,Trae Young,1610612737.0,Atlanta,Hawks,ATL,0,0,,,,,,0,0,,,,,,1
0022300104,179,6,4,2,8:12 PM,9:01,Young OFF.Foul (P1) (N.Buchert),,,,,4,1629027,Trae Young,1610612737.0,Atlanta,Hawks,ATL,5,1630183,Jaden McDaniels,1610612750.0,Minnesota,Timberwolves,MIN,1,0,,,,,,1
0022300104,181,5,37,2,8:12 PM,9:01,Young Offensive Foul Turnover (P1.T2),,,,,4,1629027,Trae Young,1610612737.0,Atlanta,Hawks,ATL,0,0,,,,,,1,0,,,,,,0
0022300104,182,6,2,2,8:12 PM,8:49,Johnson S.FOUL (P2.T2) (I.Hwang),,,,,4,1630552,Jalen Johnson,1610612737.0,Atlanta,Hawks,ATL,5,203497,Rudy Gobert,1610612750.0,Minnesota,Timberwolves,MIN,1,0,,,,,,1
0022300104,184,3,11,2,8:13 PM,8:49,,,Gobert Free Throw 1 of 2 (5 PTS),49 - 42,-7,5,203497,Rudy Gobert,1610612750.0,Minnesota,Timberwolves,MIN,0,0,,,,,,0,0,,,,,,1
0022300104,185,8,0,2,8:13 PM,8:49,,,SUB: Towns FOR Reid,,,5,1629675,Naz Reid,1610612750.0,Minnesota,Timberwolves,MIN,5,1626157,Karl-Anthony Towns,1610612750.0,Minnesota,Timberwolves,MIN,0,0,,,,,,0
0022300104,187,3,12,2,8:13 PM,8:49,,,Gobert Free Throw 2 of 2 (6 PTS),50 - 42,-8,5,203497,Rudy Gobert,1610612750.0,Minnesota,Timberwolves,MIN,0,0,,,,,,0,0,,,,,,1
0022300104,188,2,80,2,8:14 PM,8:35,MISS Young 12' Step Back Jump Shot,,,,,4,1629027,Trae Young,1610612737.0,Atlanta,Hawks,ATL,0,0,,,,,,0,0,,,,,,1
0022300104,189,4,0,2,8:14 PM,8:31,,,Towns REBOUND (Off:0 Def:3),,,5,1626157,Karl-Anthony Towns,1610612750.0,Minnesota,Timberwolves,MIN,0,0,,,,,,0,0,,,,,,1
0022300104,190,1,108,2,8:14 PM,8:24,,,Towns 1' Cutting Dunk Shot (6 PTS) (Gobert 1 AST),52 - 42,-10,5,1626157,Karl-Anthony Towns,1610612750.0,Minnesota,Timberwolves,MIN,5,203497,Rudy Gobert,1610612750.0,Minnesota,Timberwolves,MIN,0,0,,,,,,1
0022300104,192,9,1,2,8:14 PM,8:24,HAWKS Timeout: Regular (Full 2 Short 0),,,,,2,1610612737,,,,,,0,0,,,,,,0,0,,,,,,0
0022300104,193,8,0,2,8:16 PM,8:24,SUB: Murray FOR Johnson,,,,,4,1630552,Jalen Johnson,1610612737.0,Atlanta,Hawks,ATL,4,1627749,Dejounte Murray,1610612737.0,Atlanta,Hawks,ATL,0,0,,,,,,0
0022300104,194,8,0,2,8:16 PM,8:24,SUB: Capela FOR Young,,,,,4,1629027,Trae Young,1610612737.0,Atlanta,Hawks,ATL,4,203991,Clint Capela,1610612737.0,Atlanta,Hawks,ATL,0,0,,,,,,0
0022300104,195,8,0,2,8:16 PM,8:24,SUB: Hunter FOR Okongwu,,,,,4,1630168,Onyeka Okongwu,1610612737.0,Atlanta,Hawks,ATL,4,1629631,De'Andre Hunter,1610612737.0,Atlanta,Hawks,ATL,0,0,,,,,,0
0022300104,199,2,1,2,8:17 PM,8:12,MISS Bogdanovic 25' 3PT Jump Shot,,,,,4,203992,Bogdan Bogdanović,1610612737.0,Atlanta,Hawks,ATL,0,0,,,,,,0,0,,,,,,1
0022300104,200,4,0,2,8:17 PM,8:09,,,Gobert REBOUND (Off:3 Def:3),,,5,203497,Rudy Gobert,1610612750.0,Minnesota,Timberwolves,MIN,0,0,,,,,,0,0,,,,,,1
0022300104,201,1,83,2,8:17 PM,7:49,,,Towns 4' Fadeaway Bank Shot (8 PTS),54 - 42,-12,5,1626157,Karl-Anthony Towns,1610612750.0,Minnesota,Timberwolves,MIN,0,0,,,,,,0,0,,,,,,1
0022300104,202,5,1,2,8:18 PM,7:28,Bogdanovic Bad Pass Turnover (P1.T3),,Gobert STEAL (1 STL),,,4,203992,Bogdan Bogdanović,1610612737.0,Atlanta,Hawks,ATL,5,203497,Rudy Gobert,1610612750.0,Minnesota,Timberwolves,MIN,0,0,,,,,,1
0022300104,204,1,103,2,8:18 PM,7:22,,,Milton 3' Running Pull-Up Jump Shot (4 PTS),56 - 42,-14,5,1629003,Shake Milton,1610612750.0,Minnesota,Timberwolves,MIN,0,0,,,,,,0,0,,,,,,1
0022300104,206,1,1,2,8:18 PM,7:05,Hunter 25' 3PT Jump Shot (6 PTS) (Murray 1 AST),,,56 - 45,-11,4,1629631,De'Andre Hunter,1610612737.0,Atlanta,Hawks,ATL,4,1627749,Dejounte Murray,1610612737.0,Atlanta,Hawks,ATL,0,0,,,,,,1
0022300104,208,1,1,2,8:18 PM,6:53,,,Milton 3PT Jump Shot (7 PTS) (McDaniels 2 AST),59 - 45,-14,5,1629003,Shake Milton,1610612750.0,Minnesota,Timberwolves,MIN,5,1630183,Jaden McDaniels,1610612750.0,Minnesota,Timberwolves,MIN,0,0,,,,,,1
0022300104,210,1,79,2,8:19 PM,6:29,Murray 19' Pullup Jump Shot (11 PTS) (Bey 1 AST),,,59 - 47,-12,4,1627749,Dejounte Murray,1610612737.0,Atlanta,Hawks,ATL,4,1630180,Saddiq Bey,1610612737.0,Atlanta,Hawks,ATL,0,0,,,,,,1
0022300104,212,6,1,2,8:19 PM,6:16,Bey P.FOUL (P1.T3) (S.Wright),,,,,4,1630180,Saddiq Bey,1610612737.0,Atlanta,Hawks,ATL,5,1626157,Karl-Anthony Towns,1610612750.0,Minnesota,Timberwolves,MIN,1,0,,,,,,1
0022300104,214,8,0,2,8:19 PM,6:16,SUB: Young FOR Bogdanovic,,,,,4,203992,Bogdan Bogdanović,1610612737.0,Atlanta,Hawks,ATL,4,1629027,Trae Young,1610612737.0,Atlanta,Hawks,ATL,0,0,,,,,,0
0022300104,215,8,0,2,8:19 PM,6:16,,,SUB: Edwards FOR McDaniels,,,5,1630183,Jaden McDaniels,1610612750.0,Minnesota,Timberwolves,MIN,5,1630162,Anthony Edwards,1610612750.0,Minnesota,Timberwolves,MIN,0,0,,,,,,0
0022300104,216,8,0,2,8:19 PM,6:16,,,SUB: Anderson FOR Conley,,,5,201144,Mike Conley,1610612750.0,Minnesota,Timberwolves,MIN,5,203937,Kyle Anderson,1610612750.0,Minnesota,Timberwolves,MIN,0,0,,,,,,0
0022300104,220,1,52,2,8:20 PM,6:08,,,Gobert 1' Alley Oop Dunk (8 PTS) (Anderson 1 AST),61 - 47,-14,5,203497,Rudy Gobert,1610612750.0,Minnesota,Timberwolves,MIN,5,203937,Kyle Anderson,1610612750.0,Minnesota,Timberwolves,MIN,0,0,,,,,,1
0022300104,222,6,2,2,8:20 PM,6:08,Capela S.FOUL (P1.T4) (N.Buchert),,,,,4,203991,Clint Capela,1610612737.0,Atlanta,Hawks,ATL,5,203497,Rudy Gobert,1610612750.0,Minnesota,Timberwolves,MIN,1,0,,,,,,1
0022300104,224,3,10,2,8:20 PM,6:08,,,MISS Gobert Free Throw 1 of 1,,,5,203497,Rudy Gobert,1610612750.0,Minnesota,Timberwolves,MIN,0,0,,,,,,0,0,,,,,,1
0022300104,225,4,0,2,8:20 PM,6:06,Bey REBOUND (Off:0 Def:2),,,,,4,1630180,Saddiq Bey,1610612737.0,Atlanta,Hawks,ATL,0,0,,,,,,0,0,,,,,,1
0022300104,226,1,1,2,8:20 PM,5:56,Bey 25' 3PT Jump Shot (11 PTS) (Young 3 AST),,,61 - 50,-11,4,1630180,Saddiq Bey,1610612737.0,Atlanta,Hawks,ATL,4,1629027,Trae Young,1610612737.0,Atlanta,Hawks,ATL,0,0,,,,,,1
0022300104,228,1,102,2,8:21 PM,5:31,,,Anderson 5' Driving Floating Bank Jump Shot (4 PTS),63 - 50,-13,5,203937,Kyle Anderson,1610612750.0,Minnesota,Timberwolves,MIN,0,0,,,,,,0,0,,,,,,1
0022300104,229,5,2,2,8:21 PM,5:10,Capela Lost Ball Turnover (P1.T4),,Anderson STEAL (1 STL),,,4,203991,Clint Capela,1610612737.0,Atlanta,Hawks,ATL,5,203937,Kyle Anderson,1610612750.0,Minnesota,Timberwolves,MIN,0,0,,,,,,1
0022300104,231,1,58,2,8:21 PM,4:57,,,Towns 11' Turnaround Hook Shot (10 PTS) (Anderson 2 AST),65 - 50,-15,5,1626157,Karl-Anthony Towns,1610612750.0,Minnesota,Timberwolves,MIN,5,203937,Kyle Anderson,1610612750.0,Minnesota,Timberwolves,MIN,0,0,,,,,,1
0022300104,232,9,1,2,8:21 PM,4:56,HAWKS Timeout: Regular (Full 3 Short 0),,,,,2,1610612737,,,,,,0,0,,,,,,0,0,,,,,,0
0022300104,234,2,101,2,8:25 PM,4:34,MISS Murray 3' Driving Floating Jump Shot,,,,,4,1627749,Dejounte Murray,1610612737.0,Atlanta,Hawks,ATL,0,0,,,,,,0,0,,,,,,1
0022300104,235,4,0,2,8:25 PM,4:30,Capela REBOUND (Off:1 Def:3),,,,,4,203991,Clint Capela,1610612737.0,Atlanta,Hawks,ATL,0,0,,,,,,0,0,,,,,,1
0022300104,236,2,97,2,8:25 PM,4:30,MISS Capela Tip Layup Shot,,,,,4,203991,Clint Capela,1610612737.0,Atlanta,Hawks,ATL,0,0,,,,,,0,0,,,,,,0
0022300104,237,4,0,2,8:25 PM,4:29,,,Gobert REBOUND (Off:3 Def:4),,,5,203497,Rudy Gobert,1610612750.0,Minnesota,Timberwolves,MIN,0,0,,,,,,0,0,,,,,,1
0022300104,238,1,6,2,8:25 PM,4:22,,,Edwards 3' Driving Layup (16 PTS),67 - 50,-17,5,1630162,Anthony Edwards,1610612750.0,Minnesota,Timberwolves,MIN,0,0,,,,,,0,0,,,,,,0
0022300104,239,6,2,2,8:25 PM,4:13,,,Gobert S.FOUL (P1.PN) (S.Wright),,,5,203497,Rudy Gobert,1610612750.0,Minnesota,Timberwolves,MIN,4,203991,Clint Capela,1610612737.0,Atlanta,Hawks,ATL,1,0,,,,,,0
0022300104,241,3,11,2,8:25 PM,4:13,Capela Free Throw 1 of 2 (1 PTS),,,67 - 51,-16,4,203991,Clint Capela,1610612737.0,Atlanta,Hawks,ATL,0,0,,,,,,0,0,,,,,,0
0022300104,242,8,0,2,8:26 PM,4:13,SUB: Johnson FOR Bey,,,,,4,1630180,Saddiq Bey,1610612737.0,Atlanta,Hawks,ATL,4,1630552,Jalen Johnson,1610612737.0,Atlanta,Hawks,ATL,0,0,,,,,,0
0022300104,244,3,12,2,8:26 PM,4:13,Capela Free Throw 2 of 2 (2 PTS),,,67 - 52,-15,4,203991,Clint Capela,1610612737.0,Atlanta,Hawks,ATL,0,0,,,,,,0,0,,,,,,0
0022300104,245,5,1,2,8:26 PM,3:57,Murray STEAL (1 STL),,Edwards Bad Pass Turnover (P1.T3),,,5,1630162,Anthony Edwards,1610612750.0,Minnesota,Timberwolves,MIN,4,1627749,Dejounte Murray,1610612737.0,Atlanta,Hawks,ATL,0,0,,,,,,1
0022300104,247,1,50,2,8:26 PM,3:53,Hunter 2' Running Dunk (8 PTS) (Murray 2 AST),,,67 - 54,-13,4,1629631,De'Andre Hunter,1610612737.0,Atlanta,Hawks,ATL,4,1627749,Dejounte Murray,1610612737.0,Atlanta,Hawks,ATL,0,0,,,,,,1
0022300104,249,2,78,2,8:27 PM,3:31,Capela BLOCK (2 BLK),,MISS Towns 6' Floating Jump Shot,,,5,1626157,Karl-Anthony Towns,1610612750.0,Minnesota,Timberwolves,MIN,0,0,,,,,,4,203991,Clint Capela,1610612737.0,Atlanta,Hawks,ATL,1
0022300104,251,4,0,2,8:27 PM,3:28,Murray REBOUND (Off:0 Def:1),,,,,4,1627749,Dejounte Murray,1610612737.0,Atlanta,Hawks,ATL,0,0,,,,,,0,0,,,,,,1
0022300104,252,2,103,2,8:27 PM,3:27,MISS Young 25' 3PT Running Pull-Up Jump Shot,,,,,4,1629027,Trae Young,1610612737.0,Atlanta,Hawks,ATL,0,0,,,,,,0,0,,,,,,1
0022300104,253,4,0,2,8:27 PM,3:23,,,Edwards REBOUND (Off:0 Def:2),,,5,1630162,Anthony Edwards,1610612750.0,Minnesota,Timberwolves,MIN,0,0,,,,,,0,0,,,,,,1
0022300104,254,1,2,2,8:27 PM,3:18,,,Milton 26' 3PT Running Jump Shot (10 PTS) (Anderson 3 AST),70 - 54,-16,5,1629003,Shake Milton,1610612750.0,Minnesota,Timberwolves,MIN,5,203937,Kyle Anderson,1610612750.0,Minnesota,Timberwolves,MIN,0,0,,,,,,1
0022300104,256,2,3,2,8:27 PM,3:02,MISS Capela 5' Hook Shot,,Gobert BLOCK (2 BLK),,,4,203991,Clint Capela,1610612737.0,Atlanta,Hawks,ATL,0,0,,,,,,5,203497,Rudy Gobert,1610612750.0,Minnesota,Timberwolves,MIN,1
0022300104,258,4,0,2,8:27 PM,2:59,,,Edwards REBOUND (Off:0 Def:3),,,5,1630162,Anthony Edwards,1610612750.0,Minnesota,Timberwolves,MIN,0,0,,,,,,0,0,,,,,,1
0022300104,260,1,79,2,8:27 PM,2:54,,,Edwards 14' Pullup Jump Shot (18 PTS),72 - 54,-18,5,1630162,Anthony Edwards,1610612750.0,Minnesota,Timberwolves,MIN,0,0,,,,,,0,0,,,,,,1
0022300104,261,2,79,2,8:27 PM,2:40,MISS Murray 16' Pullup Jump Shot,,,,,4,1627749,Dejounte Murray,1610612737.0,Atlanta,Hawks,ATL,0,0,,,,,,0,0,,,,,,1
0022300104,262,4,0,2,8:27 PM,2:38,,,Towns REBOUND (Off:0 Def:4),,,5,1626157,Karl-Anthony Towns,1610612750.0,Minnesota,Timberwolves,MIN,0,0,,,,,,0,0,,,,,,1
0022300104,264,8,0,2,8:28 PM,2:23,,,SUB: Reid FOR Milton,,,5,1629003,Shake Milton,1610612750.0,Minnesota,Timberwolves,MIN,5,1629675,Naz Reid,1610612750.0,Minnesota,Timberwolves,MIN,0,0,,,,,,0
0022300104,265,8,0,2,8:28 PM,2:23,,,SUB: Conley FOR Gobert,,,5,203497,Rudy Gobert,1610612750.0,Minnesota,Timberwolves,MIN,5,201144,Mike Conley,1610612750.0,Minnesota,Timberwolves,MIN,0,0,,,,,,0
0022300104,268,2,98,2,8:28 PM,2:17,Capela BLOCK (3 BLK),,MISS Reid 3' Cutting Layup Shot,,,5,1629675,Naz Reid,1610612750.0,Minnesota,Timberwolves,MIN,0,0,,,,,,4,203991,Clint Capela,1610612737.0,Atlanta,Hawks,ATL,1
0022300104,270,4,0,2,8:28 PM,2:16,,,Conley REBOUND (Off:1 Def:0),,,5,201144,Mike Conley,1610612750.0,Minnesota,Timberwolves,MIN,0,0,,,,,,0,0,,,,,,1
0022300104,271,5,11,2,8:28 PM,2:16,,,Timberwolves Turnover: Shot Clock (T#4),,,3,1610612750,,,,,,0,0,,,,,,1,0,,,,,,0
0022300104,272,1,101,2,8:29 PM,2:08,Young 2' Driving Floating Jump Shot (8 PTS),,,72 - 56,-16,4,1629027,Trae Young,1610612737.0,Atlanta,Hawks,ATL,0,0,,,,,,0,0,,,,,,1
0022300104,273,1,44,2,8:29 PM,1:52,,,Towns 1' Reverse Layup (12 PTS) (Anderson 4 AST),74 - 56,-18,5,1626157,Karl-Anthony Towns,1610612750.0,Minnesota,Timberwolves,MIN,5,203937,Kyle Anderson,1610612750.0,Minnesota,Timberwolves,MIN,0,0,,,,,,1
0022300104,275,6,2,2,8:29 PM,1:52,Capela S.FOUL (P2.PN) (S.Wright),,,,,4,203991,Clint Capela,1610612737.0,Atlanta,Hawks,ATL,5,1626157,Karl-Anthony Towns,1610612750.0,Minnesota,Timberwolves,MIN,1,0,,,,,,1
0022300104,277,3,10,2,8:30 PM,1:52,,,Towns Free Throw 1 of 1 (13 PTS),75 - 56,-19,5,1626157,Karl-Anthony Towns,1610612750.0,Minnesota,Timberwolves,MIN,0,0,,,,,,0,0,,,,,,1
0022300104,278,2,79,2,8:30 PM,1:40,MISS Young 25' 3PT Pullup Jump Shot,,,,,4,1629027,Trae Young,1610612737.0,Atlanta,Hawks,ATL,0,0,,,,,,0,0,,,,,,1
0022300104,279,4,0,2,8:30 PM,1:37,,,Timberwolves Rebound,,,3,1610612750,,,,,,0,0,,,,,,0,0,,,,,,0
0022300104,281,1,52,2,8:30 PM,1:23,,,Reid 2' Alley Oop Dunk (13 PTS) (Towns 2 AST),77 - 56,-21,5,1629675,Naz Reid,1610612750.0,Minnesota,Timberwolves,MIN,5,1626157,Karl-Anthony Towns,1610612750.0,Minnesota,Timberwolves,MIN,0,0,,,,,,1
0022300104,283,6,4,2,8:31 PM,1:13,Johnson OFF.Foul (P3) (N.Buchert),,,,,4,1630552,Jalen Johnson,1610612737.0,Atlanta,Hawks,ATL,5,201144,Mike Conley,1610612750.0,Minnesota,Timberwolves,MIN,1,0,,,,,,1
0022300104,285,5,37,2,8:31 PM,1:13,Johnson Offensive Foul Turnover (P1.T5),,,,,4,1630552,Jalen Johnson,1610612737.0,Atlanta,Hawks,ATL,0,0,,,,,,1,0,,,,,,1
0022300104,286,8,0,2,8:31 PM,1:13,SUB: Bey FOR Johnson,,,,,4,1630552,Jalen Johnson,1610612737.0,Atlanta,Hawks,ATL,4,1630180,Saddiq Bey,1610612737.0,Atlanta,Hawks,ATL,0,0,,,,,,0
0022300104,288,2,1,2,8:31 PM,1:04,,,MISS Reid 25' 3PT Jump Shot,,,5,1629675,Naz Reid,1610612750.0,Minnesota,Timberwolves,MIN,0,0,,,,,,0,0,,,,,,1
0022300104,289,4,0,2,8:31 PM,0:59,Young REBOUND (Off:0 Def:1),,,,,4,1629027,Trae Young,1610612737.0,Atlanta,Hawks,ATL,0,0,,,,,,0,0,,,,,,1
0022300104,290,6,1,2,8:31 PM,0:57,,,Anderson P.FOUL (P1.PN) (S.Wright),,,5,203937,Kyle Anderson,1610612750.0,Minnesota,Timberwolves,MIN,4,1629027,Trae Young,1610612737.0,Atlanta,Hawks,ATL,1,0,,,,,,1
0022300104,292,3,11,2,8:32 PM,0:57,Young Free Throw 1 of 2 (9 PTS),,,77 - 57,-20,4,1629027,Trae Young,1610612737.0,Atlanta,Hawks,ATL,0,0,,,,,,0,0,,,,,,0
0022300104,293,3,12,2,8:32 PM,0:57,Young Free Throw 2 of 2 (10 PTS),,,77 - 58,-19,4,1629027,Trae Young,1610612737.0,Atlanta,Hawks,ATL,0,0,,,,,,0,0,,,,,,1
0022300104,294,2,1,2,8:32 PM,0:42,,,MISS Reid 26' 3PT Jump Shot,,,5,1629675,Naz Reid,1610612750.0,Minnesota,Timberwolves,MIN,0,0,,,,,,0,0,,,,,,1
0022300104,295,4,0,2,8:32 PM,0:39,Murray REBOUND (Off:0 Def:2),,,,,4,1627749,Dejounte Murray,1610612737.0,Atlanta,Hawks,ATL,0,0,,,,,,0,0,,,,,,1
0022300104,296,1,41,2,8:32 PM,0:35,Young 1' Running Layup (12 PTS) (Murray 3 AST),,,77 - 60,-17,4,1629027,Trae Young,1610612737.0,Atlanta,Hawks,ATL,4,1627749,Dejounte Murray,1610612737.0,Atlanta,Hawks,ATL,0,0,,,,,,1
0022300104,297,1,47,2,8:33 PM,0:22,,,Edwards 15' Turnaround Jump Shot (20 PTS),79 - 60,-19,5,1630162,Anthony Edwards,1610612750.0,Minnesota,Timberwolves,MIN,0,0,,,,,,0,0,,,,,,1
0022300104,298,5,1,2,8:33 PM,0:03,Murray Bad Pass Turnover (P2.T6),,Towns STEAL (1 STL),,,4,1627749,Dejounte Murray,1610612737.0,Atlanta,Hawks,ATL,5,1626157,Karl-Anthony Towns,1610612750.0,Minnesota,Timberwolves,MIN,0,0,,,,,,1
0022300104,300,2,41,2,8:33 PM,0:01,,,MISS Anderson 1' Running Layup,,,5,203937,Kyle Anderson,1610612750.0,Minnesota,Timberwolves,MIN,0,0,,,,,,0,0,,,,,,1
0022300104,301,4,0,2,8:33 PM,0:00,,,Timberwolves Rebound,,,3,1610612750,,,,,,0,0,,,,,,0,0,,,,,,1
0022300104,302,13,0,2,8:33 PM,0:00,,End of 2nd Period (8:33 PM EST),,79 - 60,-19,0,0,,,,,,0,0,,,,,,0,0,,,,,,1
0022300104,310,12,0,3,8:49 PM,12:00,,Start of 3rd Period (8:49 PM EST),,79 - 60,-19,0,0,,,,,,0,0,,,,,,0,0,,,,,,0
0022300104,311,2,78,3,8:49 PM,11:41,,,MISS Towns 4' Floating Jump Shot,,,5,1626157,Karl-Anthony Towns,1610612750.0,Minnesota,Timberwolves,MIN,0,0,,,,,,0,0,,,,,,1
0022300104,313,1,97,3,8:49 PM,11:36,,,Gobert Tip Layup Shot (10 PTS),81 - 60,-21,5,203497,Rudy Gobert,1610612750.0,Minnesota,Timberwolves,MIN,0,0,,,,,,0,0,,,,,,1
0022300104,312,4,0,3,8:49 PM,11:36,,,Gobert REBOUND (Off:4 Def:4),,,5,203497,Rudy Gobert,1610612750.0,Minnesota,Timberwolves,MIN,0,0,,,,,,0,0,,,,,,1
0022300104,314,2,6,3,8:49 PM,11:21,MISS Young 10' Driving Layup,,,,,4,1629027,Trae Young,1610612737.0,Atlanta,Hawks,ATL,0,0,,,,,,0,0,,,,,,1
0022300104,315,4,0,3,8:49 PM,11:18,,,Conley REBOUND (Off:1 Def:1),,,5,201144,Mike Conley,1610612750.0,Minnesota,Timberwolves,MIN,0,0,,,,,,0,0,,,,,,1
0022300104,316,2,1,3,8:50 PM,11:00,,,MISS Edwards 3PT Jump Shot,,,5,1630162,Anthony Edwards,1610612750.0,Minnesota,Timberwolves,MIN,0,0,,,,,,0,0,,,,,,1
0022300104,317,4,0,3,8:50 PM,10:56,Hunter REBOUND (Off:0 Def:1),,,,,4,1629631,De'Andre Hunter,1610612737.0,Atlanta,Hawks,ATL,0,0,,,,,,0,0,,,,,,1
0022300104,318,1,1,3,8:50 PM,10:50,Hunter 25' 3PT Jump Shot (11 PTS) (Young 4 AST),,,81 - 63,-18,4,1629631,De'Andre Hunter,1610612737.0,Atlanta,Hawks,ATL,4,1629027,Trae Young,1610612737.0,Atlanta,Hawks,ATL,0,0,,,,,,1
0022300104,320,2,101,3,8:50 PM,10:31,,,MISS Conley 1' Driving Floating Jump Shot,,,5,201144,Mike Conley,1610612750.0,Minnesota,Timberwolves,MIN,0,0,,,,,,0,0,,,,,,1
0022300104,321,4,0,3,8:50 PM,10:29,Hunter REBOUND (Off:0 Def:2),,,,,4,1629631,De'Andre Hunter,1610612737.0,Atlanta,Hawks,ATL,0,0,,,,,,0,0,,,,,,1
0022300104,322,6,1,3,8:50 PM,10:25,,,Conley P.FOUL (P2.T1) (N.Buchert),,,5,201144,Mike Conley,1610612750.0,Minnesota,Timberwolves,MIN,4,1629027,Trae Young,1610612737.0,Atlanta,Hawks,ATL,1,0,,,,,,1
0022300104,324,1,43,3,8:51 PM,10:23,Murray 2' Alley Oop Layup (13 PTS) (Young 5 AST),,,81 - 65,-16,4,1627749,Dejounte Murray,1610612737.0,Atlanta,Hawks,ATL,4,1629027,Trae Young,1610612737.0,Atlanta,Hawks,ATL,0,0,,,,,,1
0022300104,326,2,101,3,8:51 PM,10:06,,,MISS Conley 6' Driving Floating Jump Shot,,,5,201144,Mike Conley,1610612750.0,Minnesota,Timberwolves,MIN,0,0,,,,,,0,0,,,,,,1
0022300104,327,4,0,3,8:51 PM,10:03,Murray REBOUND (Off:0 Def:3),,,,,4,1627749,Dejounte Murray,1610612737.0,Atlanta,Hawks,ATL,0,0,,,,,,0,0,,,,,,1
0022300104,328,2,101,3,8:51 PM,9:57,MISS Young 12' Driving Floating Jump Shot,,,,,4,1629027,Trae Young,1610612737.0,Atlanta,Hawks,ATL,0,0,,,,,,0,0,,,,,,1
0022300104,329,4,0,3,8:51 PM,9:54,,,McDaniels REBOUND (Off:0 Def:3),,,5,1630183,Jaden McDaniels,1610612750.0,Minnesota,Timberwolves,MIN,0,0,,,,,,0,0,,,,,,1
0022300104,330,1,41,3,8:51 PM,9:51,,,McDaniels 1' Running Layup (10 PTS),83 - 65,-18,5,1630183,Jaden McDaniels,1610612750.0,Minnesota,Timberwolves,MIN,0,0,,,,,,0,0,,,,,,1
0022300104,331,2,1,3,8:51 PM,9:32,MISS Hunter 3PT Jump Shot,,,,,4,1629631,De'Andre Hunter,1610612737.0,Atlanta,Hawks,ATL,0,0,,,,,,0,0,,,,,,1
0022300104,332,4,0,3,8:51 PM,9:29,,,Towns REBOUND (Off:0 Def:5),,,5,1626157,Karl-Anthony Towns,1610612750.0,Minnesota,Timberwolves,MIN,0,0,,,,,,0,0,,,,,,1
0022300104,333,1,1,3,8:52 PM,9:08,,,Conley 24' 3PT Jump Shot (6 PTS) (Edwards 6 AST),86 - 65,-21,5,201144,Mike Conley,1610612750.0,Minnesota,Timberwolves,MIN,5,1630162,Anthony Edwards,1610612750.0,Minnesota,Timberwolves,MIN,0,0,,,,,,1
0022300104,335,1,79,3,8:52 PM,8:55,Murray 12' Pullup Jump Shot (15 PTS) (Hunter 2 AST),,,86 - 67,-19,4,1627749,Dejounte Murray,1610612737.0,Atlanta,Hawks,ATL,4,1629631,De'Andre Hunter,1610612737.0,Atlanta,Hawks,ATL,0,0,,,,,,1
0022300104,337,2,86,3,8:52 PM,8:31,,,MISS Edwards 9' Turnaround Fadeaway Shot,,,5,1630162,Anthony Edwards,1610612750.0,Minnesota,Timberwolves,MIN,0,0,,,,,,0,0,,,,,,1
0022300104,338,4,0,3,8:53 PM,8:28,,,Towns REBOUND (Off:1 Def:5),,,5,1626157,Karl-Anthony Towns,1610612750.0,Minnesota,Timberwolves,MIN,0,0,,,,,,0,0,,,,,,1
0022300104,339,2,72,3,8:53 PM,8:28,,,MISS Towns Putback Layup,,,5,1626157,Karl-Anthony Towns,1610612750.0,Minnesota,Timberwolves,MIN,0,0,,,,,,0,0,,,,,,1
0022300104,340,4,0,3,8:53 PM,8:27,Hunter REBOUND (Off:0 Def:3),,,,,4,1629631,De'Andre Hunter,1610612737.0,Atlanta,Hawks,ATL,0,0,,,,,,0,0,,,,,,1
0022300104,341,6,1,3,8:53 PM,8:27,,,Conley P.FOUL (P3.T2) (S.Wright),,,5,201144,Mike Conley,1610612750.0,Minnesota,Timberwolves,MIN,4,1629027,Trae Young,1610612737.0,Atlanta,Hawks,ATL,1,0,,,,,,1
0022300104,343,1,101,3,8:53 PM,8:23,Young 5' Driving Floating Jump Shot (14 PTS),,,86 - 69,-17,4,1629027,Trae Young,1610612737.0,Atlanta,Hawks,ATL,0,0,,,,,,0,0,,,,,,1
0022300104,344,6,2,3,8:53 PM,8:23,,,McDaniels S.FOUL (P2.T3) (I.Hwang),,,5,1630183,Jaden McDaniels,1610612750.0,Minnesota,Timberwolves,MIN,4,1629027,Trae Young,1610612737.0,Atlanta,Hawks,ATL,1,0,,,,,,1
0022300104,346,3,10,3,8:53 PM,8:23,Young Free Throw 1 of 1 (15 PTS),,,86 - 70,-16,4,1629027,Trae Young,1610612737.0,Atlanta,Hawks,ATL,0,0,,,,,,0,0,,,,,,1
0022300104,347,2,5,3,8:54 PM,8:09,Capela BLOCK (4 BLK),,MISS Conley 5' Layup,,,5,201144,Mike Conley,1610612750.0,Minnesota,Timberwolves,MIN,0,0,,,,,,4,203991,Clint Capela,1610612737.0,Atlanta,Hawks,ATL,1
0022300104,349,4,0,3,8:54 PM,8:05,Murray REBOUND (Off:0 Def:4),,,,,4,1627749,Dejounte Murray,1610612737.0,Atlanta,Hawks,ATL,0,0,,,,,,0,0,,,,,,1
0022300104,350,1,6,3,8:54 PM,8:02,Murray 1' Driving Layup (17 PTS),,,86 - 72,-14,4,1627749,Dejounte Murray,1610612737.0,Atlanta,Hawks,ATL,0,0,,,,,,0,0,,,,,,1
0022300104,351,7,2,3,8:54 PM,8:02,,,Edwards Violation:Defensive Goaltending (I.Hwang),,,5,1630162,Anthony Edwards,1610612750.0,Minnesota,Timberwolves,MIN,0,0,,,,,,1,0,,,,,,1
0022300104,352,9,1,3,8:54 PM,8:02,,,Timberwolves Timeout: Regular (Reg.2 Short 0),,,3,1610612750,,,,,,0,0,,,,,,0,0,,,,,,0
0022300104,353,1,79,3,8:57 PM,7:44,,,Edwards 16' Pullup Jump Shot (22 PTS),88 - 72,-16,5,1630162,Anthony Edwards,1610612750.0,Minnesota,Timberwolves,MIN,0,0,,,,,,0,0,,,,,,1
0022300104,354,10,0,3,8:58 PM,7:18,Jump Ball Murray vs. Conley: Tip to Johnson,,,,,4,1627749,Dejounte Murray,1610612737.0,Atlanta,Hawks,ATL,5,201144,Mike Conley,1610612750.0,Minnesota,Timberwolves,MIN,4,1630552,Jalen Johnson,1610612737.0,Atlanta,Hawks,ATL,1
0022300104,357,5,11,3,8:58 PM,7:15,HAWKS Turnover: Shot Clock (T#7),,,,,2,1610612737,,,,,,0,0,,,,,,1,0,,,,,,0
0022300104,358,2,80,3,8:59 PM,7:04,,,MISS Edwards 16' Step Back Jump Shot,,,5,1630162,Anthony Edwards,1610612750.0,Minnesota,Timberwolves,MIN,0,0,,,,,,0,0,,,,,,1
0022300104,359,4,0,3,8:59 PM,7:01,Johnson REBOUND (Off:1 Def:2),,,,,4,1630552,Jalen Johnson,1610612737.0,Atlanta,Hawks,ATL,0,0,,,,,,0,0,,,,,,1
0022300104,360,2,41,3,8:59 PM,6:56,MISS Johnson 2' Running Layup,,,,,4,1630552,Jalen Johnson,1610612737.0,Atlanta,Hawks,ATL,0,0,,,,,,0,0,,,,,,1
0022300104,361,4,0,3,8:59 PM,6:53,,,Gobert REBOUND (Off:4 Def:5),,,5,203497,Rudy Gobert,1610612750.0,Minnesota,Timberwolves,MIN,0,0,,,,,,0,0,,,,,,1
0022300104,362,2,101,3,8:59 PM,6:44,,,MISS Towns 6' Driving Floating Jump Shot,,,5,1626157,Karl-Anthony Towns,1610612750.0,Minnesota,Timberwolves,MIN,0,0,,,,,,0,0,,,,,,1
0022300104,363,4,0,3,8:59 PM,6:40,Capela REBOUND (Off:1 Def:4),,,,,4,203991,Clint Capela,1610612737.0,Atlanta,Hawks,ATL,0,0,,,,,,0,0,,,,,,1
0022300104,364,1,41,3,8:59 PM,6:37,Hunter 1' Running Layup (13 PTS) (Murray 4 AST),,,88 - 74,-14,4,1629631,De'Andre Hunter,1610612737.0,Atlanta,Hawks,ATL,4,1627749,Dejounte Murray,1610612737.0,Atlanta,Hawks,ATL,0,0,,,,,,1
0022300104,366,2,58,3,9:00 PM,6:15,Capela BLOCK (5 BLK),,MISS Towns 4' Turnaround Hook Shot,,,5,1626157,Karl-Anthony Towns,1610612750.0,Minnesota,Timberwolves,MIN,0,0,,,,,,4,203991,Clint Capela,1610612737.0,Atlanta,Hawks,ATL,1
0022300104,368,4,0,3,9:00 PM,6:15,,,Timberwolves Rebound,,,3,1610612750,,,,,,0,0,,,,,,0,0,,,,,,0
0022300104,369,6,3,3,9:00 PM,6:15,Murray L.B.FOUL (P1.T1) (I.Hwang),,,,,4,1627749,Dejounte Murray,1610612737.0,Atlanta,Hawks,ATL,5,203497,Rudy Gobert,1610612750.0,Minnesota,Timberwolves,MIN,1,0,,,,,,1
0022300104,371,5,1,3,9:00 PM,6:10,Hunter STEAL (1 STL),,Edwards Bad Pass Turnover (P2.T5),,,5,1630162,Anthony Edwards,1610612750.0,Minnesota,Timberwolves,MIN,4,1629631,De'Andre Hunter,1610612737.0,Atlanta,Hawks,ATL,0,0,,,,,,1
0022300104,373,1,50,3,9:00 PM,6:06,Johnson 2' Running Dunk (8 PTS) (Murray 5 AST),,,88 - 76,-12,4,1630552,Jalen Johnson,1610612737.0,Atlanta,Hawks,ATL,4,1627749,Dejounte Murray,1610612737.0,Atlanta,Hawks,ATL,0,0,,,,,,1
0022300104,375,2,6,3,9:01 PM,5:43,,,MISS Edwards 3' Driving Layup,,,5,1630162,Anthony Edwards,1610612750.0,Minnesota,Timberwolves,MIN,0,0,,,,,,0,0,,,,,,1
0022300104,376,4,0,3,9:01 PM,5:41,Murray REBOUND (Off:0 Def:5),,,,,4,1627749,Dejounte Murray,1610612737.0,Atlanta,Hawks,ATL,0,0,,,,,,0,0,,,,,,1
0022300104,377,1,101,3,9:01 PM,5:34,Young 7' Driving Floating Jump Shot (17 PTS),,,88 - 78,-10,4,1629027,Trae Young,1610612737.0,Atlanta,Hawks,ATL,0,0,,,,,,0,0,,,,,,1
0022300104,378,6,2,3,9:01 PM,5:20,Capela S.FOUL (P3.T2) (S.Wright),,,,,4,203991,Clint Capela,1610612737.0,Atlanta,Hawks,ATL,5,203497,Rudy Gobert,1610612750.0,Minnesota,Timberwolves,MIN,1,0,,,,,,1
0022300104,380,3,11,3,9:01 PM,5:20,,,Gobert Free Throw 1 of 2 (11 PTS),89 - 78,-11,5,203497,Rudy Gobert,1610612750.0,Minnesota,Timberwolves,MIN,0,0,,,,,,0,0,,,,,,1
0022300104,381,8,0,3,9:01 PM,5:20,SUB: Bey FOR Young,,,,,4,1629027,Trae Young,1610612737.0,Atlanta,Hawks,ATL,4,1630180,Saddiq Bey,1610612737.0,Atlanta,Hawks,ATL,0,0,,,,,,0
0022300104,382,8,0,3,9:01 PM,5:20,SUB: Bogdanovic FOR Johnson,,,,,4,1630552,Jalen Johnson,1610612737.0,Atlanta,Hawks,ATL,4,203992,Bogdan Bogdanović,1610612737.0,Atlanta,Hawks,ATL,0,0,,,,,,0
0022300104,383,8,0,3,9:01 PM,5:20,,,SUB: Anderson FOR Conley,,,5,201144,Mike Conley,1610612750.0,Minnesota,Timberwolves,MIN,5,203937,Kyle Anderson,1610612750.0,Minnesota,Timberwolves,MIN,0,0,,,,,,0
0022300104,384,8,0,3,9:01 PM,5:20,,,SUB: Alexander-Walker FOR McDaniels,,,5,1630183,Jaden McDaniels,1610612750.0,Minnesota,Timberwolves,MIN,5,1629638,Nickeil Alexander-Walker,1610612750.0,Minnesota,Timberwolves,MIN,0,0,,,,,,0
0022300104,389,3,12,3,9:02 PM,5:20,,,Gobert Free Throw 2 of 2 (12 PTS),90 - 78,-12,5,203497,Rudy Gobert,1610612750.0,Minnesota,Timberwolves,MIN,0,0,,,,,,0,0,,,,,,1
0022300104,390,5,1,3,9:02 PM,5:06,Murray Bad Pass Turnover (P3.T8),,Anderson STEAL (2 STL),,,4,1627749,Dejounte Murray,1610612737.0,Atlanta,Hawks,ATL,5,203937,Kyle Anderson,1610612750.0,Minnesota,Timberwolves,MIN,0,0,,,,,,1
0022300104,392,5,4,3,9:02 PM,5:03,,,Anderson Traveling Turnover (P1.T6),,,5,203937,Kyle Anderson,1610612750.0,Minnesota,Timberwolves,MIN,0,0,,,,,,1,0,,,,,,1
0022300104,393,6,2,3,9:03 PM,4:49,,,Gobert S.FOUL (P2.T4) (S.Wright),,,5,203497,Rudy Gobert,1610612750.0,Minnesota,Timberwolves,MIN,4,1629631,De'Andre Hunter,1610612737.0,Atlanta,Hawks,ATL,1,0,,,,,,1
0022300104,395,3,11,3,9:03 PM,4:49,MISS Hunter Free Throw 1 of 2,,,,,4,1629631,De'Andre Hunter,1610612737.0,Atlanta,Hawks,ATL,0,0,,,,,,0,0,,,,,,0
0022300104,396,4,1,3,9:03 PM,4:49,HAWKS Rebound,,,,,2,1610612737,,,,,,0,0,,,,,,0,0,,,,,,0
0022300104,397,8,0,3,9:03 PM,4:49,SUB: Okongwu FOR Capela,,,,,4,203991,Clint Capela,1610612737.0,Atlanta,Hawks,ATL,4,1630168,Onyeka Okongwu,1610612737.0,Atlanta,Hawks,ATL,0,0,,,,,,0
0022300104,398,8,0,3,9:03 PM,4:49,,,SUB: Reid FOR Gobert,,,5,203497,Rudy Gobert,1610612750.0,Minnesota,Timberwolves,MIN,5,1629675,Naz Reid,1610612750.0,Minnesota,Timberwolves,MIN,0,0,,,,,,0
0022300104,401,3,12,3,9:03 PM,4:49,Hunter Free Throw 2 of 2 (14 PTS),,,90 - 79,-11,4,1629631,De'Andre Hunter,1610612737.0,Atlanta,Hawks,ATL,0,0,,,,,,0,0,,,,,,1
0022300104,402,6,17,3,9:04 PM,4:36,HAWKS T.Foul (Def. 3 Sec Hunter ) (S.Wright),,,,,4,1629631,De'Andre Hunter,1610612737.0,Atlanta,Hawks,ATL,0,0,,,,,,1,0,,,,,,1
0022300104,403,3,16,3,9:04 PM,4:36,,,MISS Edwards Free Throw Technical,,,5,1630162,Anthony Edwards,1610612750.0,Minnesota,Timberwolves,MIN,0,0,,,,,,0,0,,,,,,1
0022300104,404,4,1,3,9:04 PM,4:36,,,Timberwolves Rebound,,,3,1610612750,,,,,,0,0,,,,,,0,0,,,,,,0
0022300104,405,5,45,3,9:04 PM,4:29,,,Anderson Out of Bounds - Bad Pass Turnover Turnover (P2.T7),,,5,203937,Kyle Anderson,1610612750.0,Minnesota,Timberwolves,MIN,0,0,,,,,,1,0,,,,,,1
0022300104,406,1,79,3,9:05 PM,4:14,Murray 16' Pullup Jump Shot (19 PTS) (Bogdanovic 3 AST),,,90 - 81,-9,4,1627749,Dejounte Murray,1610612737.0,Atlanta,Hawks,ATL,4,203992,Bogdan Bogdanović,1610612737.0,Atlanta,Hawks,ATL,0,0,,,,,,1
0022300104,408,2,1,3,9:05 PM,3:51,,,MISS Reid 25' 3PT Jump Shot,,,5,1629675,Naz Reid,1610612750.0,Minnesota,Timberwolves,MIN,0,0,,,,,,0,0,,,,,,1
0022300104,409,4,0,3,9:05 PM,3:48,Bey REBOUND (Off:0 Def:3),,,,,4,1630180,Saddiq Bey,1610612737.0,Atlanta,Hawks,ATL,0,0,,,,,,0,0,,,,,,1
0022300104,410,1,2,3,9:05 PM,3:43,Murray 26' 3PT Running Jump Shot (22 PTS) (Bogdanovic 4 AST),,,90 - 84,-6,4,1627749,Dejounte Murray,1610612737.0,Atlanta,Hawks,ATL,4,203992,Bogdan Bogdanović,1610612737.0,Atlanta,Hawks,ATL,0,0,,,,,,1
0022300104,412,1,80,3,9:06 PM,3:20,,,Edwards 25' 3PT Step Back Jump Shot (25 PTS),93 - 84,-9,5,1630162,Anthony Edwards,1610612750.0,Minnesota,Timberwolves,MIN,0,0,,,,,,0,0,,,,,,1
0022300104,413,1,79,3,9:06 PM,3:08,Murray 16' Pullup Jump Shot (24 PTS),,,93 - 86,-7,4,1627749,Dejounte Murray,1610612737.0,Atlanta,Hawks,ATL,0,0,,,,,,0,0,,,,,,1
0022300104,414,2,79,3,9:06 PM,2:51,,,MISS Edwards 17' Pullup Jump Shot,,,5,1630162,Anthony Edwards,1610612750.0,Minnesota,Timberwolves,MIN,0,0,,,,,,0,0,,,,,,1
0022300104,415,4,0,3,9:06 PM,2:48,,,Towns REBOUND (Off:2 Def:5),,,5,1626157,Karl-Anthony Towns,1610612750.0,Minnesota,Timberwolves,MIN,0,0,,,,,,0,0,,,,,,1
0022300104,416,1,1,3,9:06 PM,2:43,,,Alexander-Walker 25' 3PT Jump Shot (3 PTS) (Edwards 7 AST),96 - 86,-10,5,1629638,Nickeil Alexander-Walker,1610612750.0,Minnesota,Timberwolves,MIN,5,1630162,Anthony Edwards,1610612750.0,Minnesota,Timberwolves,MIN,0,0,,,,,,1
0022300104,418,6,2,3,9:07 PM,2:34,,,Alexander-Walker S.FOUL (P1.PN) (N.Buchert),,,5,1629638,Nickeil Alexander-Walker,1610612750.0,Minnesota,Timberwolves,MIN,4,1627749,Dejounte Murray,1610612737.0,Atlanta,Hawks,ATL,1,0,,,,,,1
0022300104,420,9,1,3,9:07 PM,2:34,HAWKS Timeout: Regular (Full 4 Short 0),,,,,2,1610612737,,,,,,0,0,,,,,,0,0,,,,,,0
0022300104,421,8,0,3,9:09 PM,2:34,SUB: Johnson FOR Hunter,,,,,4,1629631,De'Andre Hunter,1610612737.0,Atlanta,Hawks,ATL,4,1630552,Jalen Johnson,1610612737.0,Atlanta,Hawks,ATL,0,0,,,,,,0
0022300104,423,3,11,3,9:10 PM,2:34,Murray Free Throw 1 of 2 (25 PTS),,,96 - 87,-9,4,1627749,Dejounte Murray,1610612737.0,Atlanta,Hawks,ATL,0,0,,,,,,0,0,,,,,,1
0022300104,424,3,12,3,9:10 PM,2:34,Murray Free Throw 2 of 2 (26 PTS),,,96 - 88,-8,4,1627749,Dejounte Murray,1610612737.0,Atlanta,Hawks,ATL,0,0,,,,,,0,0,,,,,,1
0022300104,425,2,6,3,9:10 PM,2:20,,,MISS Towns 3' Driving Layup,,,5,1626157,Karl-Anthony Towns,1610612750.0,Minnesota,Timberwolves,MIN,0,0,,,,,,0,0,,,,,,1
0022300104,426,4,0,3,9:10 PM,2:16,Okongwu REBOUND (Off:0 Def:2),,,,,4,1630168,Onyeka Okongwu,1610612737.0,Atlanta,Hawks,ATL,0,0,,,,,,0,0,,,,,,1
0022300104,427,5,39,3,9:11 PM,2:09,Bey Step Out of Bounds Turnover (P1.T9),,,,,4,1630180,Saddiq Bey,1610612737.0,Atlanta,Hawks,ATL,0,0,,,,,,1,0,,,,,,1
0022300104,428,9,1,3,9:11 PM,2:09,,,Timberwolves Timeout: Regular (Reg.3 Short 0),,,3,1610612750,,,,,,0,0,,,,,,0,0,,,,,,0
0022300104,429,8,0,3,9:12 PM,2:09,,,SUB: Gobert FOR Towns,,,5,1626157,Karl-Anthony Towns,1610612750.0,Minnesota,Timberwolves,MIN,5,203497,Rudy Gobert,1610612750.0,Minnesota,Timberwolves,MIN,0,0,,,,,,0
0022300104,431,6,2,3,9:12 PM,1:57,Okongwu S.FOUL (P1.T3) (N.Buchert),,,,,4,1630168,Onyeka Okongwu,1610612737.0,Atlanta,Hawks,ATL,5,203497,Rudy Gobert,1610612750.0,Minnesota,Timberwolves,MIN,1,0,,,,,,1
0022300104,433,3,11,3,9:13 PM,1:57,,,MISS Gobert Free Throw 1 of 2,,,5,203497,Rudy Gobert,1610612750.0,Minnesota,Timberwolves,MIN,0,0,,,,,,0,0,,,,,,1
0022300104,434,4,1,3,9:13 PM,1:57,,,Timberwolves Rebound,,,3,1610612750,,,,,,0,0,,,,,,0,0,,,,,,0
0022300104,435,3,12,3,9:13 PM,1:57,,,Gobert Free Throw 2 of 2 (13 PTS),97 - 88,-9,5,203497,Rudy Gobert,1610612750.0,Minnesota,Timberwolves,MIN,0,0,,,,,,0,0,,,,,,1
0022300104,436,6,1,3,9:13 PM,1:45,,,Edwards P.FOUL (P3.PN) (S.Wright),,,5,1630162,Anthony Edwards,1610612750.0,Minnesota,Timberwolves,MIN,4,1627749,Dejounte Murray,1610612737.0,Atlanta,Hawks,ATL,1,0,,,,,,1
0022300104,438,3,11,3,9:14 PM,1:45,Murray Free Throw 1 of 2 (27 PTS),,,97 - 89,-8,4,1627749,Dejounte Murray,1610612737.0,Atlanta,Hawks,ATL,0,0,,,,,,0,0,,,,,,1
0022300104,439,3,12,3,9:14 PM,1:45,Murray Free Throw 2 of 2 (28 PTS),,,97 - 90,-7,4,1627749,Dejounte Murray,1610612737.0,Atlanta,Hawks,ATL,0,0,,,,,,0,0,,,,,,1
0022300104,440,2,1,3,9:15 PM,1:25,,,MISS Alexander-Walker 3PT Jump Shot,,,5,1629638,Nickeil Alexander-Walker,1610612750.0,Minnesota,Timberwolves,MIN,0,0,,,,,,0,0,,,,,,1
0022300104,441,4,0,3,9:15 PM,1:21,Murray REBOUND (Off:0 Def:6),,,,,4,1627749,Dejounte Murray,1610612737.0,Atlanta,Hawks,ATL,0,0,,,,,,0,0,,,,,,1
0022300104,442,1,1,3,9:15 PM,1:14,Bogdanovic 25' 3PT Jump Shot (8 PTS) (Johnson 2 AST),,,97 - 93,-4,4,203992,Bogdan Bogdanović,1610612737.0,Atlanta,Hawks,ATL,4,1630552,Jalen Johnson,1610612737.0,Atlanta,Hawks,ATL,0,0,,,,,,1
0022300104,444,2,6,3,9:15 PM,0:58,,,MISS Edwards 2' Driving Layup,,,5,1630162,Anthony Edwards,1610612750.0,Minnesota,Timberwolves,MIN,0,0,,,,,,0,0,,,,,,1
0022300104,445,4,0,3,9:15 PM,0:55,,,Gobert REBOUND (Off:5 Def:5),,,5,203497,Rudy Gobert,1610612750.0,Minnesota,Timberwolves,MIN,0,0,,,,,,0,0,,,,,,1
0022300104,446,6,1,3,9:15 PM,0:48,Bey P.FOUL (P2.PN) (S.Wright),,,,,4,1630180,Saddiq Bey,1610612737.0,Atlanta,Hawks,ATL,5,203497,Rudy Gobert,1610612750.0,Minnesota,Timberwolves,MIN,1,0,,,,,,1
0022300104,448,3,11,3,9:16 PM,0:48,,,MISS Gobert Free Throw 1 of 2,,,5,203497,Rudy Gobert,1610612750.0,Minnesota,Timberwolves,MIN,0,0,,,,,,0,0,,,,,,1
0022300104,449,4,1,3,9:16 PM,0:48,,,Timberwolves Rebound,,,3,1610612750,,,,,,0,0,,,,,,0,0,,,,,,0
0022300104,450,8,0,3,9:16 PM,0:48,,,SUB: Milton FOR Edwards,,,5,1630162,Anthony Edwards,1610612750.0,Minnesota,Timberwolves,MIN,5,1629003,Shake Milton,1610612750.0,Minnesota,Timberwolves,MIN,0,0,,,,,,0
0022300104,452,3,12,3,9:16 PM,0:48,,,Gobert Free Throw 2 of 2 (14 PTS),98 - 93,-5,5,203497,Rudy Gobert,1610612750.0,Minnesota,Timberwolves,MIN,0,0,,,,,,0,0,,,,,,1
0022300104,453,1,79,3,9:16 PM,0:33,Murray 18' Pullup Jump Shot (30 PTS),,,98 - 95,-3,4,1627749,Dejounte Murray,1610612737.0,Atlanta,Hawks,ATL,0,0,,,,,,0,0,,,,,,1
0022300104,454,2,78,3,9:17 PM,0:17,,,MISS Milton 5' Floating Jump Shot,,,5,1629003,Shake Milton,1610612750.0,Minnesota,Timberwolves,MIN,0,0,,,,,,0,0,,,,,,1
0022300104,455,4,0,3,9:17 PM,0:14,Bey REBOUND (Off:0 Def:4),,,,,4,1630180,Saddiq Bey,1610612737.0,Atlanta,Hawks,ATL,0,0,,,,,,0,0,,,,,,1
0022300104,456,1,79,3,9:17 PM,0:04,Murray 26' 3PT Pullup Jump Shot (33 PTS),,,98 - 98,TIE,4,1627749,Dejounte Murray,1610612737.0,Atlanta,Hawks,ATL,0,0,,,,,,0,0,,,,,,1
0022300104,457,13,0,3,9:17 PM,0:00,,End of 3rd Period (9:17 PM EST),,98 - 98,TIE,0,0,,,,,,0,0,,,,,,0,0,,,,,,1
0022300104,464,12,0,4,9:20 PM,12:00,,Start of 4th Period (9:20 PM EST),,98 - 98,TIE,0,0,,,,,,0,0,,,,,,0,0,,,,,,0
0022300104,465,2,80,4,9:20 PM,11:40,MISS Young 25' 3PT Step Back Jump Shot,,,,,4,1629027,Trae Young,1610612737.0,Atlanta,Hawks,ATL,0,0,,,,,,0,0,,,,,,1
0022300104,466,4,0,4,9:20 PM,11:36,,,Gobert REBOUND (Off:5 Def:6),,,5,203497,Rudy Gobert,1610612750.0,Minnesota,Timberwolves,MIN,0,0,,,,,,0,0,,,,,,1
0022300104,467,2,6,4,9:20 PM,11:16,,,MISS McDaniels 1' Driving Layup,,,5,1630183,Jaden McDaniels,1610612750.0,Minnesota,Timberwolves,MIN,0,0,,,,,,0,0,,,,,,1
0022300104,468,4,0,4,9:20 PM,11:15,,,Gobert REBOUND (Off:6 Def:6),,,5,203497,Rudy Gobert,1610612750.0,Minnesota,Timberwolves,MIN,0,0,,,,,,0,0,,,,,,1
0022300104,469,5,11,4,9:21 PM,11:14,,,Timberwolves Turnover: Shot Clock (T#8),,,3,1610612750,,,,,,0,0,,,,,,1,0,,,,,,1
0022300104,470,1,98,4,9:21 PM,11:07,Murray 1' Cutting Layup Shot (35 PTS) (Young 6 AST),,,98 - 100,2,4,1627749,Dejounte Murray,1610612737.0,Atlanta,Hawks,ATL,4,1629027,Trae Young,1610612737.0,Atlanta,Hawks,ATL,0,0,,,,,,1
0022300104,472,2,101,4,9:21 PM,10:43,Bey BLOCK (1 BLK),,MISS Milton 8' Driving Floating Jump Shot,,,5,1629003,Shake Milton,1610612750.0,Minnesota,Timberwolves,MIN,0,0,,,,,,4,1630180,Saddiq Bey,1610612737.0,Atlanta,Hawks,ATL,1
0022300104,474,4,0,4,9:21 PM,10:42,,,Timberwolves Rebound,,,3,1610612750,,,,,,0,0,,,,,,0,0,,,,,,0
0022300104,476,2,101,4,9:22 PM,10:37,Johnson BLOCK (1 BLK),,MISS Reid 11' Driving Floating Jump Shot,,,5,1629675,Naz Reid,1610612750.0,Minnesota,Timberwolves,MIN,0,0,,,,,,4,1630552,Jalen Johnson,1610612737.0,Atlanta,Hawks,ATL,1
0022300104,478,4,0,4,9:22 PM,10:36,,,Timberwolves Rebound,,,3,1610612750,,,,,,0,0,,,,,,0,0,,,,,,0
0022300104,479,5,11,4,9:22 PM,10:36,,,Timberwolves Turnover: Shot Clock (T#9),,,3,1610612750,,,,,,0,0,,,,,,1,0,,,,,,1
0022300104,480,1,101,4,9:22 PM,10:26,Young 14' Driving Floating Jump Shot (19 PTS),,,98 - 102,4,4,1629027,Trae Young,1610612737.0,Atlanta,Hawks,ATL,0,0,,,,,,0,0,,,,,,1
0022300104,481,2,101,4,9:22 PM,10:09,,,MISS Milton 8' Driving Floating Jump Shot,,,5,1629003,Shake Milton,1610612750.0,Minnesota,Timberwolves,MIN,0,0,,,,,,0,0,,,,,,1
0022300104,482,4,0,4,9:22 PM,10:04,Okongwu REBOUND (Off:0 Def:3),,,,,4,1630168,Onyeka Okongwu,1610612737.0,Atlanta,Hawks,ATL,0,0,,,,,,0,0,,,,,,1
0022300104,483,1,6,4,9:22 PM,9:57,Murray 2' Driving Layup (37 PTS) (Young 7 AST),,,98 - 104,6,4,1627749,Dejounte Murray,1610612737.0,Atlanta,Hawks,ATL,4,1629027,Trae Young,1610612737.0,Atlanta,Hawks,ATL,0,0,,,,,,1
0022300104,485,2,79,4,9:23 PM,9:43,,,MISS Conley 25' 3PT Pullup Jump Shot,,,5,201144,Mike Conley,1610612750.0,Minnesota,Timberwolves,MIN,0,0,,,,,,0,0,,,,,,1
0022300104,486,4,0,4,9:23 PM,9:40,Bey REBOUND (Off:0 Def:5),,,,,4,1630180,Saddiq Bey,1610612737.0,Atlanta,Hawks,ATL,0,0,,,,,,0,0,,,,,,1
0022300104,487,1,79,4,9:23 PM,9:30,Young 26' 3PT Pullup Jump Shot (22 PTS),,,98 - 107,9,4,1629027,Trae Young,1610612737.0,Atlanta,Hawks,ATL,0,0,,,,,,0,0,,,,,,1
0022300104,488,9,1,4,9:23 PM,9:30,,,Timberwolves Timeout: Regular (Reg.4 Short 0),,,3,1610612750,,,,,,0,0,,,,,,0,0,,,,,,0
0022300104,489,8,0,4,9:25 PM,9:30,,,SUB: Towns FOR Reid,,,5,1629675,Naz Reid,1610612750.0,Minnesota,Timberwolves,MIN,5,1626157,Karl-Anthony Towns,1610612750.0,Minnesota,Timberwolves,MIN,0,0,,,,,,0
0022300104,490,8,0,4,9:25 PM,9:30,,,SUB: Edwards FOR Milton,,,5,1629003,Shake Milton,1610612750.0,Minnesota,Timberwolves,MIN,5,1630162,Anthony Edwards,1610612750.0,Minnesota,Timberwolves,MIN,0,0,,,,,,0
0022300104,493,1,79,4,9:26 PM,9:13,,,McDaniels 18' Pullup Jump Shot (12 PTS) (Conley 3 AST),100 - 107,7,5,1630183,Jaden McDaniels,1610612750.0,Minnesota,Timberwolves,MIN,5,201144,Mike Conley,1610612750.0,Minnesota,Timberwolves,MIN,0,0,,,,,,1
0022300104,495,1,79,4,9:26 PM,8:56,Murray 19' Pullup Jump Shot (39 PTS),,,100 - 109,9,4,1627749,Dejounte Murray,1610612737.0,Atlanta,Hawks,ATL,0,0,,,,,,0,0,,,,,,1
0022300104,497,2,63,4,9:27 PM,8:39,,,MISS Towns 10' Fadeaway Jumper,,,5,1626157,Karl-Anthony Towns,1610612750.0,Minnesota,Timberwolves,MIN,0,0,,,,,,0,0,,,,,,1
0022300104,498,4,0,4,9:27 PM,8:38,HAWKS Rebound,,,,,2,1610612737,,,,,,0,0,,,,,,0,0,,,,,,1
0022300104,500,2,6,4,9:27 PM,8:23,MISS Young 1' Driving Layup,,,,,4,1629027,Trae Young,1610612737.0,Atlanta,Hawks,ATL,0,0,,,,,,0,0,,,,,,1
0022300104,502,1,97,4,9:27 PM,8:19,Okongwu Tip Layup Shot (4 PTS),,,100 - 111,11,4,1630168,Onyeka Okongwu,1610612737.0,Atlanta,Hawks,ATL,0,0,,,,,,0,0,,,,,,1
0022300104,501,4,0,4,9:27 PM,8:19,Okongwu REBOUND (Off:1 Def:3),,,,,4,1630168,Onyeka Okongwu,1610612737.0,Atlanta,Hawks,ATL,0,0,,,,,,0,0,,,,,,1
0022300104,505,2,79,4,9:28 PM,8:03,,,MISS Conley 25' 3PT Pullup Jump Shot,,,5,201144,Mike Conley,1610612750.0,Minnesota,Timberwolves,MIN,0,0,,,,,,0,0,,,,,,1
0022300104,506,4,0,4,9:28 PM,7:59,Okongwu REBOUND (Off:1 Def:4),,,,,4,1630168,Onyeka Okongwu,1610612737.0,Atlanta,Hawks,ATL,0,0,,,,,,0,0,,,,,,1
0022300104,507,1,108,4,9:28 PM,7:43,Okongwu Cutting Dunk Shot (6 PTS) (Johnson 3 AST),,,100 - 113,13,4,1630168,Onyeka Okongwu,1610612737.0,Atlanta,Hawks,ATL,4,1630552,Jalen Johnson,1610612737.0,Atlanta,Hawks,ATL,0,0,,,,,,1
0022300104,509,2,1,4,9:29 PM,7:25,,,MISS Towns 25' 3PT Jump Shot,,,5,1626157,Karl-Anthony Towns,1610612750.0,Minnesota,Timberwolves,MIN,0,0,,,,,,0,0,,,,,,1
0022300104,510,4,0,4,9:29 PM,7:22,Bey REBOUND (Off:0 Def:6),,,,,4,1630180,Saddiq Bey,1610612737.0,Atlanta,Hawks,ATL,0,0,,,,,,0,0,,,,,,1
0022300104,511,2,79,4,9:29 PM,7:00,MISS Young 18' Pullup Jump Shot,,,,,4,1629027,Trae Young,1610612737.0,Atlanta,Hawks,ATL,0,0,,,,,,0,0,,,,,,1
0022300104,512,4,0,4,9:29 PM,6:57,,,Gobert REBOUND (Off:6 Def:7),,,5,203497,Rudy Gobert,1610612750.0,Minnesota,Timberwolves,MIN,0,0,,,,,,0,0,,,,,,1
0022300104,513,6,4,4,9:29 PM,6:43,,,Edwards OFF.Foul (P4) (S.Wright),,,5,1630162,Anthony Edwards,1610612750.0,Minnesota,Timberwolves,MIN,4,1629027,Trae Young,1610612737.0,Atlanta,Hawks,ATL,1,0,,,,,,1
0022300104,515,5,37,4,9:29 PM,6:43,,,Edwards Offensive Foul Turnover (P3.T10),,,5,1630162,Anthony Edwards,1610612750.0,Minnesota,Timberwolves,MIN,0,0,,,,,,1,0,,,,,,1
0022300104,516,8,0,4,9:30 PM,6:43,SUB: Hunter FOR Bey,,,,,4,1630180,Saddiq Bey,1610612737.0,Atlanta,Hawks,ATL,4,1629631,De'Andre Hunter,1610612737.0,Atlanta,Hawks,ATL,0,0,,,,,,0
0022300104,517,8,0,4,9:30 PM,6:43,,,SUB: Anderson FOR Conley,,,5,201144,Mike Conley,1610612750.0,Minnesota,Timberwolves,MIN,5,203937,Kyle Anderson,1610612750.0,Minnesota,Timberwolves,MIN,0,0,,,,,,0
0022300104,518,8,0,4,9:30 PM,6:43,,,SUB: Reid FOR Gobert,,,5,203497,Rudy Gobert,1610612750.0,Minnesota,Timberwolves,MIN,5,1629675,Naz Reid,1610612750.0,Minnesota,Timberwolves,MIN,0,0,,,,,,0
0022300104,522,2,6,4,9:30 PM,6:31,MISS Murray 5' Driving Layup,,Anderson BLOCK (1 BLK),,,4,1627749,Dejounte Murray,1610612737.0,Atlanta,Hawks,ATL,0,0,,,,,,5,203937,Kyle Anderson,1610612750.0,Minnesota,Timberwolves,MIN,1
0022300104,524,4,0,4,9:30 PM,6:30,HAWKS Rebound,,,,,2,1610612737,,,,,,0,0,,,,,,0,0,,,,,,0
0022300104,526,2,78,4,9:31 PM,6:21,MISS Young 14' Floating Jump Shot,,McDaniels BLOCK (1 BLK),,,4,1629027,Trae Young,1610612737.0,Atlanta,Hawks,ATL,0,0,,,,,,5,1630183,Jaden McDaniels,1610612750.0,Minnesota,Timberwolves,MIN,1
0022300104,528,4,0,4,9:31 PM,6:16,,,Towns REBOUND (Off:2 Def:6),,,5,1626157,Karl-Anthony Towns,1610612750.0,Minnesota,Timberwolves,MIN,0,0,,,,,,0,0,,,,,,1
0022300104,529,1,98,4,9:31 PM,6:11,,,Edwards 1' Cutting Layup Shot (27 PTS) (Towns 3 AST),102 - 113,11,5,1630162,Anthony Edwards,1610612750.0,Minnesota,Timberwolves,MIN,5,1626157,Karl-Anthony Towns,1610612750.0,Minnesota,Timberwolves,MIN,0,0,,,,,,1
0022300104,531,2,79,4,9:31 PM,5:54,MISS Murray 25' 3PT Pullup Jump Shot,,,,,4,1627749,Dejounte Murray,1610612737.0,Atlanta,Hawks,ATL,0,0,,,,,,0,0,,,,,,1
0022300104,532,4,0,4,9:31 PM,5:53,,,Edwards REBOUND (Off:0 Def:4),,,5,1630162,Anthony Edwards,1610612750.0,Minnesota,Timberwolves,MIN,0,0,,,,,,0,0,,,,,,1
0022300104,533,1,6,4,9:31 PM,5:43,,,Edwards 1' Driving Layup (29 PTS),104 - 113,9,5,1630162,Anthony Edwards,1610612750.0,Minnesota,Timberwolves,MIN,0,0,,,,,,0,0,,,,,,1
0022300104,534,9,1,4,9:32 PM,5:43,HAWKS Timeout: Regular (Full 5 Short 0),,,,,2,1610612737,,,,,,0,0,,,,,,0,0,,,,,,0
0022300104,535,8,0,4,9:34 PM,5:43,SUB: Bogdanovic FOR Murray,,,,,4,1627749,Dejounte Murray,1610612737.0,Atlanta,Hawks,ATL,4,203992,Bogdan Bogdanović,1610612737.0,Atlanta,Hawks,ATL,0,0,,,,,,0
0022300104,537,2,1,4,9:35 PM,5:22,MISS Bogdanovic 34' 3PT Jump Shot,,,,,4,203992,Bogdan Bogdanović,1610612737.0,Atlanta,Hawks,ATL,0,0,,,,,,0,0,,,,,,1
0022300104,538,4,0,4,9:35 PM,5:18,,,Towns REBOUND (Off:2 Def:7),,,5,1626157,Karl-Anthony Towns,1610612750.0,Minnesota,Timberwolves,MIN,0,0,,,,,,0,0,,,,,,1
0022300104,539,2,1,4,9:35 PM,5:08,,,MISS Towns 26' 3PT Jump Shot,,,5,1626157,Karl-Anthony Towns,1610612750.0,Minnesota,Timberwolves,MIN,0,0,,,,,,0,0,,,,,,1
0022300104,540,4,0,4,9:35 PM,5:05,Johnson REBOUND (Off:1 Def:3),,,,,4,1630552,Jalen Johnson,1610612737.0,Atlanta,Hawks,ATL,0,0,,,,,,0,0,,,,,,1
0022300104,541,2,79,4,9:35 PM,4:57,MISS Young 26' 3PT Pullup Jump Shot,,,,,4,1629027,Trae Young,1610612737.0,Atlanta,Hawks,ATL,0,0,,,,,,0,0,,,,,,1
0022300104,542,4,0,4,9:35 PM,4:55,,,Edwards REBOUND (Off:0 Def:5),,,5,1630162,Anthony Edwards,1610612750.0,Minnesota,Timberwolves,MIN,0,0,,,,,,0,0,,,,,,1
0022300104,543,5,2,4,9:35 PM,4:48,Bogdanovic STEAL (1 STL),,Edwards Lost Ball Turnover (P4.T11),,,5,1630162,Anthony Edwards,1610612750.0,Minnesota,Timberwolves,MIN,4,203992,Bogdan Bogdanović,1610612737.0,Atlanta,Hawks,ATL,0,0,,,,,,1
0022300104,545,2,74,4,9:35 PM,4:45,MISS Bogdanovic 1' Running Reverse Layup,,,,,4,203992,Bogdan Bogdanović,1610612737.0,Atlanta,Hawks,ATL,0,0,,,,,,0,0,,,,,,1
0022300104,547,4,0,4,9:36 PM,4:40,Okongwu REBOUND (Off:2 Def:4),,,,,4,1630168,Onyeka Okongwu,1610612737.0,Atlanta,Hawks,ATL,0,0,,,,,,0,0,,,,,,1
0022300104,548,1,107,4,9:36 PM,4:40,Okongwu Tip Dunk Shot (8 PTS),,,104 - 115,11,4,1630168,Onyeka Okongwu,1610612737.0,Atlanta,Hawks,ATL,0,0,,,,,,0,0,,,,,,1
0022300104,549,9,1,4,9:36 PM,4:40,,,Timberwolves Timeout: Regular (Reg.5 Short 0),,,3,1610612750,,,,,,0,0,,,,,,0,0,,,,,,0
0022300104,550,8,0,4,9:37 PM,4:40,SUB: Murray FOR Bogdanovic,,,,,4,203992,Bogdan Bogdanović,1610612737.0,Atlanta,Hawks,ATL,4,1627749,Dejounte Murray,1610612737.0,Atlanta,Hawks,ATL,0,0,,,,,,0
0022300104,551,8,0,4,9:37 PM,4:40,,,SUB: Conley FOR McDaniels,,,5,1630183,Jaden McDaniels,1610612750.0,Minnesota,Timberwolves,MIN,5,201144,Mike Conley,1610612750.0,Minnesota,Timberwolves,MIN,0,0,,,,,,0
0022300104,554,2,6,4,9:37 PM,4:31,,,MISS Reid 4' Driving Layup,,,5,1629675,Naz Reid,1610612750.0,Minnesota,Timberwolves,MIN,0,0,,,,,,0,0,,,,,,1
0022300104,555,4,0,4,9:37 PM,4:27,Johnson REBOUND (Off:1 Def:4),,,,,4,1630552,Jalen Johnson,1610612737.0,Atlanta,Hawks,ATL,0,0,,,,,,0,0,,,,,,1
0022300104,556,6,2,4,9:38 PM,4:15,,,Towns S.FOUL (P2.T1) (S.Wright),,,5,1626157,Karl-Anthony Towns,1610612750.0,Minnesota,Timberwolves,MIN,4,1630168,Onyeka Okongwu,1610612737.0,Atlanta,Hawks,ATL,1,0,,,,,,1
0022300104,558,3,11,4,9:38 PM,4:15,Okongwu Free Throw 1 of 2 (9 PTS),,,104 - 116,12,4,1630168,Onyeka Okongwu,1610612737.0,Atlanta,Hawks,ATL,0,0,,,,,,0,0,,,,,,1
0022300104,559,3,12,4,9:38 PM,4:15,Okongwu Free Throw 2 of 2 (10 PTS),,,104 - 117,13,4,1630168,Onyeka Okongwu,1610612737.0,Atlanta,Hawks,ATL,0,0,,,,,,0,0,,,,,,0
0022300104,560,5,1,4,9:39 PM,4:02,Murray STEAL (2 STL),,Edwards Bad Pass Turnover (P5.T12),,,5,1630162,Anthony Edwards,1610612750.0,Minnesota,Timberwolves,MIN,4,1627749,Dejounte Murray,1610612737.0,Atlanta,Hawks,ATL,0,0,,,,,,1
0022300104,562,1,106,4,9:39 PM,3:58,Johnson 1' Running Alley Oop Dunk Shot (10 PTS) (Young 8 AST),,,104 - 119,15,4,1630552,Jalen Johnson,1610612737.0,Atlanta,Hawks,ATL,4,1629027,Trae Young,1610612737.0,Atlanta,Hawks,ATL,0,0,,,,,,1
0022300104,564,7,1,4,9:39 PM,3:57,HAWKS Violation: Delay of game Violation,,,,,2,1610612737,,,,,,0,0,,,,,,1,0,,,,,,0
0022300104,565,2,1,4,9:39 PM,3:43,,,MISS Edwards 25' 3PT Jump Shot,,,5,1630162,Anthony Edwards,1610612750.0,Minnesota,Timberwolves,MIN,0,0,,,,,,0,0,,,,,,1
0022300104,566,4,0,4,9:39 PM,3:39,Hunter REBOUND (Off:0 Def:4),,,,,4,1629631,De'Andre Hunter,1610612737.0,Atlanta,Hawks,ATL,0,0,,,,,,0,0,,,,,,1
0022300104,567,1,6,4,9:39 PM,3:27,Young 2' Driving Layup (24 PTS) (Okongwu 2 AST),,,104 - 121,17,4,1629027,Trae Young,1610612737.0,Atlanta,Hawks,ATL,4,1630168,Onyeka Okongwu,1610612737.0,Atlanta,Hawks,ATL,0,0,,,,,,1
0022300104,569,1,6,4,9:40 PM,3:13,,,Edwards 4' Driving Layup (31 PTS),106 - 121,15,5,1630162,Anthony Edwards,1610612750.0,Minnesota,Timberwolves,MIN,0,0,,,,,,0,0,,,,,,1
0022300104,570,1,101,4,9:40 PM,2:51,Murray 5' Driving Floating Jump Shot (41 PTS),,,106 - 123,17,4,1627749,Dejounte Murray,1610612737.0,Atlanta,Hawks,ATL,0,0,,,,,,0,0,,,,,,1
0022300104,571,5,1,4,9:40 PM,2:40,Young STEAL (1 STL),,Reid Bad Pass Turnover (P1.T13),,,5,1629675,Naz Reid,1610612750.0,Minnesota,Timberwolves,MIN,4,1629027,Trae Young,1610612737.0,Atlanta,Hawks,ATL,0,0,,,,,,1
0022300104,573,2,103,4,9:40 PM,2:36,MISS Young 25' 3PT Running Pull-Up Jump Shot,,,,,4,1629027,Trae Young,1610612737.0,Atlanta,Hawks,ATL,0,0,,,,,,0,0,,,,,,1
0022300104,574,4,0,4,9:40 PM,2:33,,,Reid REBOUND (Off:0 Def:1),,,5,1629675,Naz Reid,1610612750.0,Minnesota,Timberwolves,MIN,0,0,,,,,,0,0,,,,,,1
0022300104,575,2,1,4,9:40 PM,2:25,,,MISS Conley 3PT Jump Shot,,,5,201144,Mike Conley,1610612750.0,Minnesota,Timberwolves,MIN,0,0,,,,,,0,0,,,,,,1
0022300104,576,4,0,4,9:40 PM,2:21,Murray REBOUND (Off:0 Def:7),,,,,4,1627749,Dejounte Murray,1610612737.0,Atlanta,Hawks,ATL,0,0,,,,,,0,0,,,,,,1
0022300104,629,5,45,4,9:41 PM,2:01,Johnson Out of Bounds - Bad Pass Turnover Turnover (P2.T10),,,,,4,1630552,Jalen Johnson,1610612737.0,Atlanta,Hawks,ATL,0,0,,,,,,1,0,,,,,,1
0022300104,581,8,0,4,9:41 PM,2:01,,,SUB: Milton FOR Conley,,,5,201144,Mike Conley,1610612750.0,Minnesota,Timberwolves,MIN,5,1629003,Shake Milton,1610612750.0,Minnesota,Timberwolves,MIN,0,0,,,,,,0
0022300104,583,2,1,4,9:41 PM,1:52,,,MISS Reid 25' 3PT Jump Shot,,,5,1629675,Naz Reid,1610612750.0,Minnesota,Timberwolves,MIN,0,0,,,,,,0,0,,,,,,1
0022300104,584,4,0,4,9:41 PM,1:50,,,Anderson REBOUND (Off:1 Def:1),,,5,203937,Kyle Anderson,1610612750.0,Minnesota,Timberwolves,MIN,0,0,,,,,,0,0,,,,,,1
0022300104,585,5,1,4,9:41 PM,1:49,Johnson STEAL (1 STL),,Milton Bad Pass Turnover (P1.T14),,,5,1629003,Shake Milton,1610612750.0,Minnesota,Timberwolves,MIN,4,1630552,Jalen Johnson,1610612737.0,Atlanta,Hawks,ATL,0,0,,,,,,1
0022300104,587,1,50,4,9:41 PM,1:47,Johnson 1' Running Dunk (12 PTS),,,106 - 125,19,4,1630552,Jalen Johnson,1610612737.0,Atlanta,Hawks,ATL,0,0,,,,,,0,0,,,,,,1
0022300104,588,1,1,4,9:42 PM,1:39,,,Towns 25' 3PT Jump Shot (16 PTS) (Anderson 5 AST),109 - 125,16,5,1626157,Karl-Anthony Towns,1610612750.0,Minnesota,Timberwolves,MIN,5,203937,Kyle Anderson,1610612750.0,Minnesota,Timberwolves,MIN,0,0,,,,,,1
0022300104,590,2,79,4,9:42 PM,1:27,MISS Young 26' 3PT Pullup Jump Shot,,,,,4,1629027,Trae Young,1610612737.0,Atlanta,Hawks,ATL,0,0,,,,,,0,0,,,,,,1
0022300104,591,4,0,4,9:42 PM,1:24,,,Towns REBOUND (Off:2 Def:8),,,5,1626157,Karl-Anthony Towns,1610612750.0,Minnesota,Timberwolves,MIN,0,0,,,,,,0,0,,,,,,1
0022300104,592,2,1,4,9:42 PM,1:15,,,MISS Anderson 25' 3PT Jump Shot,,,5,203937,Kyle Anderson,1610612750.0,Minnesota,Timberwolves,MIN,0,0,,,,,,0,0,,,,,,1
0022300104,593,4,0,4,9:42 PM,1:12,Okongwu REBOUND (Off:2 Def:5),,,,,4,1630168,Onyeka Okongwu,1610612737.0,Atlanta,Hawks,ATL,0,0,,,,,,0,0,,,,,,1
0022300104,594,1,50,4,9:42 PM,1:11,Hunter Running Dunk (16 PTS) (Okongwu 3 AST),,,109 - 127,18,4,1629631,De'Andre Hunter,1610612737.0,Atlanta,Hawks,ATL,4,1630168,Onyeka Okongwu,1610612737.0,Atlanta,Hawks,ATL,0,0,,,,,,1
0022300104,596,9,1,4,9:42 PM,1:11,,,Timberwolves Timeout: Regular (Reg.6 Short 0),,,3,1610612750,,,,,,0,0,,,,,,0,0,,,,,,0
0022300104,597,8,0,4,9:43 PM,1:11,SUB: Griffin FOR Johnson,,,,,4,1630552,Jalen Johnson,1610612737.0,Atlanta,Hawks,ATL,4,1631100,AJ Griffin,1610612737.0,Atlanta,Hawks,ATL,0,0,,,,,,0
0022300104,598,8,0,4,9:43 PM,1:11,SUB: Fernando FOR Murray,,,,,4,1627749,Dejounte Murray,1610612737.0,Atlanta,Hawks,ATL,4,1628981,Bruno Fernando,1610612737.0,Atlanta,Hawks,ATL,0,0,,,,,,0
0022300104,599,8,0,4,9:43 PM,1:11,SUB: Gueye FOR Young,,,,,4,1629027,Trae Young,1610612737.0,Atlanta,Hawks,ATL,4,1631243,Mouhamed Gueye,1610612737.0,Atlanta,Hawks,ATL,0,0,,,,,,0
0022300104,600,8,0,4,9:43 PM,1:11,SUB: Bufkin FOR Hunter,,,,,4,1629631,De'Andre Hunter,1610612737.0,Atlanta,Hawks,ATL,4,1641723,Kobe Bufkin,1610612737.0,Atlanta,Hawks,ATL,0,0,,,,,,0
0022300104,601,8,0,4,9:43 PM,1:11,SUB: Bogdanovic FOR Okongwu,,,,,4,1630168,Onyeka Okongwu,1610612737.0,Atlanta,Hawks,ATL,4,203992,Bogdan Bogdanović,1610612737.0,Atlanta,Hawks,ATL,0,0,,,,,,0
0022300104,602,8,0,4,9:43 PM,1:11,,,SUB: Minott FOR Anderson,,,5,203937,Kyle Anderson,1610612750.0,Minnesota,Timberwolves,MIN,5,1631169,Josh Minott,1610612750.0,Minnesota,Timberwolves,MIN,0,0,,,,,,0
0022300104,603,8,0,4,9:43 PM,1:11,,,SUB: Garza FOR Edwards,,,5,1630162,Anthony Edwards,1610612750.0,Minnesota,Timberwolves,MIN,5,1630568,Luka Garza,1610612750.0,Minnesota,Timberwolves,MIN,0,0,,,,,,0
0022300104,604,8,0,4,9:43 PM,1:11,,,SUB: McLaughlin FOR Reid,,,5,1629675,Naz Reid,1610612750.0,Minnesota,Timberwolves,MIN,5,1629162,Jordan McLaughlin,1610612750.0,Minnesota,Timberwolves,MIN,0,0,,,,,,0
0022300104,605,8,0,4,9:43 PM,1:11,,,SUB: Nix FOR Towns,,,5,1626157,Karl-Anthony Towns,1610612750.0,Minnesota,Timberwolves,MIN,5,1630227,Daishen Nix,1610612750.0,Minnesota,Timberwolves,MIN,0,0,,,,,,0
0022300104,606,8,0,4,9:43 PM,1:11,,,SUB: Alexander-Walker FOR Milton,,,5,1629003,Shake Milton,1610612750.0,Minnesota,Timberwolves,MIN,5,1629638,Nickeil Alexander-Walker,1610612750.0,Minnesota,Timberwolves,MIN,0,0,,,,,,0
0022300104,617,1,78,4,9:44 PM,1:04,,,Garza 6' Floating Jump Shot (2 PTS) (Alexander-Walker 2 AST),111 - 127,16,5,1630568,Luka Garza,1610612750.0,Minnesota,Timberwolves,MIN,5,1629638,Nickeil Alexander-Walker,1610612750.0,Minnesota,Timberwolves,MIN,0,0,,,,,,1
0022300104,619,2,6,4,9:45 PM,0:52,MISS Bufkin 8' Driving Layup,,McLaughlin BLOCK (1 BLK),,,4,1641723,Kobe Bufkin,1610612737.0,Atlanta,Hawks,ATL,0,0,,,,,,5,1629162,Jordan McLaughlin,1610612750.0,Minnesota,Timberwolves,MIN,1
0022300104,621,4,0,4,9:45 PM,0:52,HAWKS Rebound,,,,,2,1610612737,,,,,,0,0,,,,,,0,0,,,,,,0
0022300104,623,2,63,4,9:45 PM,0:45,MISS Bogdanovic 12' Fadeaway Jumper,,,,,4,203992,Bogdan Bogdanović,1610612737.0,Atlanta,Hawks,ATL,0,0,,,,,,0,0,,,,,,1
0022300104,624,4,0,4,9:45 PM,0:42,,,Garza REBOUND (Off:0 Def:1),,,5,1630568,Luka Garza,1610612750.0,Minnesota,Timberwolves,MIN,0,0,,,,,,0,0,,,,,,1
0022300104,625,1,6,4,9:45 PM,0:29,,,Minott 1' Driving Layup (2 PTS),113 - 127,14,5,1631169,Josh Minott,1610612750.0,Minnesota,Timberwolves,MIN,0,0,,,,,,0,0,,,,,,1
0022300104,626,5,11,4,9:46 PM,0:05,HAWKS Turnover: Shot Clock (T#11),,,,,2,1610612737,,,,,,0,0,,,,,,1,0,,,,,,1
0022300104,627,13,0,4,9:46 PM,0:00,,End of 4th Period (9:46 PM EST),,113 - 127,14,0,0,,,,,,0,0,,,,,,0,0,,,,,,1
